0.894701921 3.72682348425 0.1035446571 0.302360669744 3.70854708816 0.225092159243 0.0837146492278 3.69253422458 0.153683210653 -0.365831922815 3.59936792584 0.141267066432 -0.854114905795 3.67511811958 0.0179786827208 0.0723193252446 3.71719488633 0.00273618629158 -0.379160046844 3.56270551023 -0.067387799988 -0.880277246709
0.928092317 3.72829710678 0.103643257179 0.299660316431 3.71429243458 0.227201845264 0.0817638987538 3.69489503571 0.159019675624 -0.368311545745 3.59347243343 0.139802613014 -0.851384964706 3.67929070283 0.0203689682807 0.0681314589657 3.70907620739 0.00395085907622 -0.385186048517 3.53843159246 -0.0773163559481 -0.88802483821
0.961435990 3.73021508983 0.103825560977 0.30373700006 3.70727756144 0.226064139443 0.0859179314789 3.67702812485 0.155349291392 -0.363133043837 3.58904862495 0.13980870028 -0.846029906952 3.67493794912 0.018607840079 0.0743988241975 3.7076035747 0.00335120328394 -0.379372352922 3.51739380201 -0.0869831736417 -0.883712016793
0.994809555 3.73365603705 0.100941990547 0.30881599743 3.70846680173 0.22226237074 0.0906394236927 3.67461016397 0.157252953775 -0.359087014447 3.5996158086 0.136203148276 -0.837391151822 3.67698949866 0.0145965885358 0.0801511970329 3.70787436608 -0.00201886427154 -0.374007607823 3.53482104678 -0.0835999843227 -0.880689497799
1.028162866 3.73455348118 0.101117523324 0.304415634026 3.70776195454 0.220570946642 0.0853524542359 3.67714748416 0.160120532064 -0.365292315515 3.59756938726 0.140122070812 -0.842899078876 3.67815477608 0.012519542607 0.0765007563512 3.68344054163 -0.00952343152295 -0.37785331275 3.58622561184 -0.0593508750623 -0.849896717869
1.060671601 3.73633719577 0.103893668181 0.313504097933 3.71714771441 0.224864483926 0.0944606961272 3.69307326403 0.168666702624 -0.35712281835 3.60632381941 0.147480074161 -0.825300234079 3.67261279297 0.0194699988967 0.0859210037588 3.67316540434 -0.00304473715652 -0.368872317976 3.57651686386 -0.0514515691412 -0.844105910722
1.092872342 3.73668289006 0.104022667254 0.311227241195 3.71285766614 0.226489010404 0.09357872336 3.68303201002 0.166971749969 -0.357250894259 3.59215778811 0.14449131363 -0.832554820716 3.67627781738 0.0201683193964 0.0826309817515 3.69471322986 0.00109395283293 -0.371822226227 3.55601756811 -0.0722319255064 -0.872554138647
1.127110807 3.73717507579 0.103164316401 0.309887395637 3.70868945292 0.22592716648 0.0929284243397 3.68243411486 0.164844108002 -0.357954322239 3.59199103208 0.144724604643 -0.834493907018 3.68013255372 0.0182990937485 0.0807642225971 3.70002888248 0.00460037246677 -0.374089823878 3.5426191286 -0.0836270095117 -0.884497021561
1.159858605 3.73711843781 0.10300016214 0.310443487154 3.70851123672 0.223423091728 0.0921814614934 3.69782523513 0.161854464219 -0.359040682485 3.58984649862 0.141653628138 -0.838167116914 3.68050415106 0.0155450801446 0.0821786957195 3.70749249501 0.00902876368223 -0.372525947485 3.52828001576 -0.0876185325192 -0.888899678851
1.191859953 3.73669998574 0.100251091389 0.309043861005 3.70433888015 0.220668742906 0.0912527353642 3.69505008996 0.160234291062 -0.360302696217 3.58330863511 0.139393594357 -0.846340066532 3.68415943098 0.0117589149823 0.0801567401543 3.72626907376 0.0172853681826 -0.373137161474 3.52468602624 -0.0935222703911 -0.893546821411
1.228049818 3.7384255641 0.101348280955 0.308077576591 3.70841968487 0.220003474693 0.0890007825084 3.70344994892 0.168638481462 -0.363709160177 3.59327737523 0.135475753777 -0.852947341919 3.68522119923 0.011360110403 0.07994270122 3.72824292078 0.0252890547085 -0.373284049828 3.51860521523 -0.0928402935206 -0.892988754642
1.259137169 3.7381906891 0.101863500734 0.305404268127 3.7067495056 0.221825535819 0.0872150525593 3.7049164565 0.178286680208 -0.366354276648 3.59005350365 0.131249209953 -0.855709842284 3.68563988264 0.0129327151667 0.0766779596919 3.71351949955 0.0298922530373 -0.377542754291 3.52017575605 -0.0911537261672 -0.895609976231
1.293523136 3.73873756162 0.103721878292 0.306587432622 3.7053408136 0.22314854395 0.0883780368597 3.70918501178 0.179281538417 -0.365198683196 3.58779058469 0.128677241192 -0.852702326647 3.68984935525 0.0137187613983 0.077452434586 3.68541774282 0.0170725029784 -0.376774279486 3.5787863989 -0.0622960661149 -0.8539186632
1.330067719 3.73704200437 0.103625879022 0.306325140266 3.70309618651 0.221817633605 0.087539330505 3.71422042683 0.174886461088 -0.365602571321 3.58230278533 0.135355336879 -0.847766088228 3.68578735069 0.0124865782801 0.0781684834422 3.67500147125 0.0204481399187 -0.376612681166 3.56579664841 -0.0688285387557 -0.861647741462
1.362624784 3.73722387709 0.104434778616 0.303855352001 3.70150144994 0.22200282367 0.085000838438 3.72672138904 0.176803514453 -0.367593980765 3.58312284153 0.140865334398 -0.845565224541 3.68732445157 0.0123810045499 0.0757504632697 3.67243623604 0.0317443245727 -0.378837799917 3.55572217746 -0.0769887548996 -0.872000243519
1.395045870 3.73725120322 0.10734917691 0.301972051119 3.70161764562 0.223498795777 0.0823422686752 3.74223040174 0.180734449106 -0.369243634901 3.58733328508 0.141795266245 -0.846178460222 3.68822190211 0.0137605730854 0.0742989218872 3.65284758797 0.0387170347546 -0.378676778257 3.54909007864 -0.0731250097294 -0.873238988689
1.427001403 3.73658322027 0.110377922015 0.301135200545 3.6980404853 0.226215075972 0.0818245358432 3.73360100329 0.180932888478 -0.370113811943 3.58256350817 0.142809683539 -0.845577978834 3.6899811664 0.0162026486012 0.0731872973831 3.64200112585 0.046106704386 -0.378521007215 3.54169235394 -0.076381888099 -0.881838631926
1.462183686 3.73249113847 0.113119232362 0.29277150708 3.70040445488 0.228957012756 0.072563586608 3.74202357214 0.182708493146 -0.378838391221 3.5873549764 0.141317559416 -0.856783074559 3.69444279016 0.0189532638972 0.0633708594857 3.61827353895 0.0542392237361 -0.383411850234 3.53998405227 -0.0681952793837 -0.887187197428
1.495372175 3.73222283302 0.111515830192 0.292555626718 3.70278312167 0.226718633432 0.0716003057759 3.74154020113 0.17462545304 -0.379454539348 3.58396465758 0.127985790371 -0.853224468356 3.69838444679 0.0166317375431 0.062747599768 3.60148104737 0.061529811468 -0.379145797341 3.51381687816 -0.0682932758917 -0.870347135491
1.527274908 3.72827703057 0.111617813074 0.292203285255 3.69719596478 0.225508362055 0.0707463071337 3.75255071876 0.170748815018 -0.378000386677 3.57485673213 0.129353356403 -0.85602094369 3.69597112139 0.0153247494991 0.0627160992332 3.55227207484 0.0756581364202 -0.361794572886 3.47577024167 -0.0598321653396 -0.863419139292
1.561327249 3.7216713063 0.112271788139 0.289761201365 3.6872523506 0.226748559905 0.0690824795228 3.76337712422 0.174964446216 -0.376656706962 3.56715332499 0.135939296124 -0.859780314807 3.68991031526 0.0166318017834 0.0599068716178 3.52321081914 0.0731145650116 -0.357912599682 3.44013228077 -0.0425532435106 -0.851977846278
1.595567739 3.71665543251 0.113117922974 0.289340626527 3.68342422107 0.227131068426 0.0682335403372 3.76094621767 0.173750997345 -0.377420430943 3.55658324767 0.136277804051 -0.861881716411 3.68135074477 0.0169791938958 0.0602060211009 3.50192081443 0.0675031129077 -0.354173111079 3.38806636526 -0.0365411590636 -0.845296990966
1.628841223 3.70760562912 0.11127391085 0.287850761087 3.67834121334 0.224926887158 0.0660501483637 3.74256904544 0.16373457242 -0.380621962561 3.53766331375 0.136227273739 -0.865209649844 3.67845865506 0.0147840472023 0.0580482558452 3.50702726035 0.0606018598446 -0.360908786575 3.32681786308 -0.0396651824123 -0.839442517941
1.660357741 3.70064301342 0.108805593038 0.293763201213 3.66248773475 0.221906656805 0.0731132406544 3.74515038532 0.162582299187 -0.370597741085 3.52062572465 0.139145485082 -0.859961662457 3.66584394581 0.0117639937323 0.0650578694425 3.48644746639 0.0599658093667 -0.350648243452 3.25290828097 -0.0452612142428 -0.821664170284
1.694476360 3.68319981716 0.112647608129 0.275545674954 3.65863558601 0.233376826982 0.0579134562199 3.77130263642 0.179371244127 -0.379033017812 3.53326647174 0.154111199239 -0.878223122463 3.65624566693 0.0258434872846 0.0425618414661 3.46493907251 0.0728721482087 -0.36308664101 3.19312523158 -0.0319136250002 -0.832928538091
1.726957509 3.67040002213 0.112293450395 0.277821539841 3.64489243339 0.231105093761 0.0587589351682 3.72535056847 0.155428753558 -0.381061413474 3.52384494322 0.140196446003 -0.86427734811 3.64439266273 0.0224185379691 0.0454391738231 3.42913475484 0.0503965451954 -0.351344932344 3.14336223559 -0.0462561158344 -0.796196971024
1.761565497 3.65797867338 0.109220254134 0.285083578875 3.63392909242 0.227105251855 0.0650854524897 3.68820952051 0.141477155339 -0.377230344429 3.52673873534 0.141450515471 -0.864851028173 3.62836243586 0.0177882758397 0.0534854973539 3.40770390689 0.0428261120138 -0.342511845812 3.08415796061 -0.049222058249 -0.779909216933
1.793827278 3.63739223846 0.108611795337 0.281989416212 3.61541809283 0.228193623802 0.0625647074961 3.65352957387 0.140929496825 -0.381862968508 3.52338465204 0.150790697853 -0.87712536888 3.60809752555 0.0187474222887 0.0496183842911 3.3831052627 0.04346050881 -0.344974462975 3.03475899898 -0.0463885032818 -0.786833657063
1.827652080 3.61482826065 0.107588854789 0.277435269358 3.59133921963 0.22905989888 0.0591359324173 3.63117461185 0.133697206458 -0.384070650065 3.5141351288 0.152397933165 -0.878654021428 3.58986971848 0.0194563416166 0.0438298465092 3.35713969778 0.0383937401543 -0.346976564864 2.99932445176 -0.0507016293508 -0.784860016162
1.860294140 3.59345963313 0.106995651908 0.283601607615 3.56476136373 0.229790529404 0.066659772719 3.62426549895 0.127050338123 -0.372537299491 3.5010311118 0.159053417868 -0.875563152982 3.56840855419 0.0203453905167 0.0494428403795 3.32661290402 0.0323301896076 -0.336240246678 2.97041046286 -0.0578360891956 -0.771958542767
1.890855106 3.56746938467 0.111358608808 0.28412984029 3.54072862576 0.239548528285 0.0701238349951 3.60758098302 0.120772070966 -0.364010352219 3.50467510913 0.168972773294 -0.878068293321 3.53838654058 0.0304740987517 0.0484215120578 3.29941854161 0.0364099732926 -0.339368625791 2.93843240603 -0.0541548139878 -0.776303640149
1.926599532 3.54185414102 0.108403589181 0.278650564262 3.52136166565 0.240051829339 0.0660668992979 3.58688986384 0.108351951018 -0.364743064302 3.51843565886 0.155700149279 -0.877269881952 3.51127005726 0.031538248186 0.0417969168379 3.28369222534 0.0227991901237 -0.352408790193 2.91649516083 -0.0695386492982 -0.788786713866
1.960410157 3.50725062603 0.103769230508 0.274187434532 3.48373447032 0.235628671717 0.0621710414166 3.51864473411 0.105086838279 -0.371420975245 3.53830142558 0.114858326192 -0.839651058438 3.47833133276 0.0277399551982 0.0369652507192 3.2529097692 0.0126897773936 -0.358555558226 2.8882827562 -0.0765263093857 -0.796394886603
1.995657042 3.47677558009 0.0970607903196 0.281557755214 3.4449339859 0.231097065572 0.0719837297153 3.47359276256 0.104260592471 -0.363969302191 3.54974401263 0.092606315916 -0.806301369023 3.4435533006 0.0230378392311 0.0442435614496 3.2130416782 0.00312005182542 -0.348234275308 2.8864012014 -0.079170092237 -0.788967511528
2.029978547 3.44159643931 0.08725672128 0.287664695958 3.40176266313 0.220766310071 0.0790618607047 3.43075955793 0.0971019268353 -0.358246732747 3.54275853119 0.0822793935893 -0.785522046488 3.40859339984 0.0128094488685 0.0503983834682 3.17448365167 -0.0100220995413 -0.339885989145 2.89310922113 -0.083882241059 -0.790435553746
2.063538097 3.4043851101 0.0701123737796 0.296810676149 3.35730793426 0.201836001516 0.0887492340793 3.40032535321 0.0753004615895 -0.346983284774 3.52575933009 0.0970454291703 -0.819122020668 3.37031981969 -0.0051268146126 0.0600919597241 3.13750473177 -0.024130338171 -0.331123158001 2.89862098529 -0.0889833408083 -0.783174343523
2.096693412 3.36895792353 0.0575376434285 0.30044248963 3.32147840698 0.187004067538 0.0909485234036 3.36747842407 0.075425882623 -0.348304056454 3.5111865892 0.126319812593 -0.852769000832 3.34338043196 -0.019793774147 0.0632306695181 3.12357991731 -0.0258090964425 -0.335461485759 2.91595151223 -0.0822621620374 -0.787197112259
2.131430466 3.3351906988 0.0483192347876 0.320967668596 3.27592945583 0.177975076375 0.114891500773 3.30351895833 0.085362163495 -0.33648448558 3.4817829831 0.145476275022 -0.844950960697 3.29847600406 -0.0285174708133 0.0853021845592 3.09456726439 -0.025216416223 -0.323328749795 2.90998815022 -0.0736015012638 -0.77393555471
2.163708380 3.30468175279 0.0374415783188 0.333826240134 3.24158311191 0.166391423602 0.128253290753 3.23413940875 0.0773026740305 -0.320289192893 3.45523970874 0.15307210953 -0.854088863687 3.26166726325 -0.0407438061232 0.0995045597557 3.08642179963 -0.0341731722173 -0.320564864894 2.9135814214 -0.0779999866001 -0.775760824257
2.194339396 3.27454095978 0.0307862513884 0.347897853533 3.20900360098 0.15934973899 0.1426965104 3.1534739149 0.0867309360792 -0.301741563828 3.42013282166 0.159239338973 -0.835258839713 3.22900132774 -0.0479518461864 0.114107630794 3.07440107081 -0.0333949799827 -0.313487733337 2.91088169801 -0.0726470836139 -0.774860789926
2.228879571 3.2410851967 0.0233410620465 0.353375484968 3.18291379601 0.152199450896 0.146103039339 3.07351625949 0.0742092266678 -0.284788938584 3.36592900353 0.159921772318 -0.823879734361 3.19700723599 -0.055922544762 0.119442159937 3.07165961085 -0.0353270655532 -0.316750845826 2.91042756947 -0.0747480069129 -0.784305124195
2.263318128 3.2129204714 0.0154052629434 0.364391701704 3.15427250949 0.143618748766 0.156824107069 2.99652417874 0.0708510031863 -0.25908586647 3.28645260543 0.152073732582 -0.786969957564 3.16467601459 -0.0648486660237 0.13159469874 3.06115256607 -0.03832531124 -0.310139082378 2.8999143995 -0.076796255674 -0.782644563117
2.308447663 3.17841414095 0.0119220391181 0.365594831383 3.12467193617 0.139862139793 0.156503781227 2.92247686424 0.0768912432803 -0.306231193844 3.20094018867 0.149503090719 -0.780173745022 3.12950464907 -0.0690571387212 0.133159220021 3.05054707162 -0.0341482795784 -0.312957372279 2.8903042249 -0.0741643405957 -0.798300838853
2.378665287 3.1488155401 0.00810308846216 0.37047592155 3.09870687724 0.135821669662 0.160346711075 2.87416970278 0.0798316023372 -0.312151365523 3.10840050363 0.139137867378 -0.76062292903 3.10095267993 -0.073211433662 0.137936973825 3.03363839845 -0.0366805110295 -0.310525150746 2.89968583187 -0.0736324000072 -0.793637848411
2.387463529 3.12050330024 0.00620215801132 0.372932080234 3.07479185122 0.133372668243 0.161449292206 2.81787333282 0.0799567846482 -0.307465550825 3.00898773694 0.131610188983 -0.747701604394 3.07119488831 -0.0758859051511 0.140946864015 3.02084812867 -0.0396902130096 -0.309879992681 2.89892898379 -0.0728822425699 -0.79619418108
2.394638689 3.09196986517 0.0028988486657 0.372949183334 3.04888024077 0.129760115789 0.16073333819 2.7670711299 0.0771371934393 -0.298530977011 2.90412748161 0.120964051856 -0.732149156232 3.04163777374 -0.0794548156003 0.141279751515 3.02259545569 -0.044580003802 -0.31134835237 2.89477271268 -0.0751934684691 -0.80425330888
2.427522117 3.06284292387 -0.000915158555866 0.372355143595 3.02805700473 0.126192313166 0.158840058355 2.72230040569 0.0717708409379 -0.296343068418 2.80532773855 0.116684323405 -0.719652150254 3.01631453883 -0.0828917448605 0.139825269947 3.01311767395 -0.0472150064199 -0.313585591726 2.89829516646 -0.0737200744879 -0.80472658842
2.459620892 3.03027624697 -0.00285708902629 0.363195534215 3.00312044934 0.125321516918 0.149270737721 2.71676095344 0.0792009887422 -0.262089172338 2.69725063792 0.113332539392 -0.709988179046 2.98914897498 -0.0835300969035 0.129247656719 2.99315178631 -0.0390421480875 -0.323740913896 2.90069918258 -0.0692140308064 -0.810190708579
2.494750586 2.99795102954 -0.0023615305307 0.357669590941 2.97629425196 0.126652038192 0.143658974076 2.7063564335 0.0850270079584 -0.250523963832 2.58939986484 0.110464688705 -0.697338857106 2.96566945201 -0.0822810910465 0.122116898848 2.98677846455 -0.0372777748305 -0.330347396833 2.9000363371 -0.066961980934 -0.8089392413
2.527220002 2.96651304744 -0.00246190841235 0.359253507688 2.94730768525 0.12616967769 0.144687858626 2.68998927258 0.0847308434073 -0.243586251124 2.48371193697 0.105042936661 -0.686313078268 2.9359192148 -0.0827641562578 0.123522373117 2.96851576582 -0.0340354980105 -0.328035928383 2.89011399977 -0.0686348994609 -0.803549495381
2.560522960 2.93275769127 -0.00637604149696 0.359400085536 2.91120296509 0.121835308925 0.144754397496 2.66674856281 0.0802317346019 -0.244577315659 2.38818171613 0.096347090153 -0.680688642893 2.89948002431 -0.087166412604 0.12415287806 2.94106679229 -0.0323750496724 -0.326081848065 2.88129761034 -0.0720245802828 -0.802359826766
2.593401918 2.89653942081 -0.00704645308329 0.356351298896 2.8759446589 0.118687413301 0.140136271392 2.63835497899 0.0822684039881 -0.25047140692 2.31906330206 0.0906320230344 -0.688001377288 2.86562651245 -0.0906089655438 0.121736712127 2.91247888844 -0.0300541746096 -0.32736055165 2.88614746682 -0.0728128772876 -0.802341289893
2.625605663 2.85698301048 -0.00547606749067 0.354151004741 2.83403449115 0.119364322344 0.137681011518 2.5943618098 0.0840488438936 -0.250084557092 2.26631647219 0.0913746195067 -0.688264733343 2.82092240366 -0.0898068226223 0.12057198986 2.86917124607 -0.0237709779745 -0.327932841302 2.87648413585 -0.0718142174095 -0.801584296389
2.661696077 2.81463582163 -0.000262375403369 0.353682593397 2.79222246056 0.123109438536 0.136289456728 2.55464622123 0.0857628780028 -0.25174592549 2.24172517951 0.0870075553008 -0.688299555123 2.7748183878 -0.0859411014688 0.121181793609 2.81414605687 -0.0107408456206 -0.326532340112 2.86781178781 -0.0694529745455 -0.795074254768
2.696231502 2.77240948779 0.00531470900408 0.355043740934 2.74795608936 0.128090767025 0.137520118595 2.51458297978 0.08765829969 -0.252309682139 2.22453500495 0.0840712662667 -0.688244865515 2.73172682369 -0.0810804122798 0.122945898426 2.76307207395 -0.00763263478826 -0.325686693522 2.86376102835 -0.0698666933433 -0.789555318991
2.729326686 2.72829986675 0.0103872169633 0.359600696171 2.70436795338 0.132583542097 0.141682296526 2.47623677483 0.0925976119615 -0.251057984889 2.21080282478 0.0843740264945 -0.688604556285 2.68464601505 -0.0763755452392 0.128170772291 2.6951431299 -0.00669723824807 -0.321748181066 2.85067706998 -0.0708988001192 -0.783508823177
2.761649857 2.68560210842 0.0160853023133 0.364092430157 2.66541506745 0.137835901457 0.145555318636 2.44932194661 0.0989766024534 -0.253743478676 2.20777352164 0.0851590342882 -0.689525809806 2.64460768064 -0.0710438212755 0.132322484912 2.61698593263 -0.00950951416607 -0.3165845639 2.84018906012 -0.0719950071618 -0.777185054183
2.793661821 2.64549152749 0.0207533774063 0.37278349546 2.6292683548 0.141098677618 0.153136963861 2.4231056538 0.0976061829744 -0.250815617486 2.20799181397 0.0816834415231 -0.68466741217 2.6049956403 -0.0675142045105 0.141353483687 2.53407683483 -0.0181791035288 -0.302962494221 2.80020158721 -0.0696392885655 -0.754160188063
2.828267505 2.60448373757 0.0218040423585 0.37998109482 2.58851422917 0.14078904916 0.159566953647 2.3972550892 0.0918094647899 -0.250804627756 2.20297815763 0.0773782396962 -0.68474405391 2.56411407806 -0.0678588828751 0.149057216617 2.44319144034 -0.0271905801003 -0.283779604228 2.73755714454 -0.0719643706611 -0.732370712351
2.862593829 2.56598376182 0.0243469536136 0.389125767489 2.54893392996 0.144190606655 0.169246252476 2.37777559297 0.0942476409184 -0.249465063406 2.20443715429 0.0794168497917 -0.679361857121 2.52669442054 -0.0646668969121 0.157753231142 2.36742957059 -0.0324774871123 -0.263708921886 2.66137801446 -0.0674431127019 -0.709027231846
2.897937932 2.53049111848 0.026990047958 0.400600690341 2.51433508492 0.146992664625 0.180737926196 2.36404416942 0.0926216749527 -0.245167191923 2.20826065307 0.0794330686702 -0.675954156322 2.49301354326 -0.0619432504873 0.168894498658 2.30527390848 -0.0382233590386 -0.242336806368 2.57337101997 -0.0669991763261 -0.685283134164
2.929141218 2.49508075862 0.0271923581503 0.411837514747 2.47430656216 0.147410349012 0.192504659533 2.35052101192 0.0873536504259 -0.240673230506 2.20321917177 0.0762861309013 -0.672948400499 2.45427261875 -0.0616627226246 0.180687289277 2.23038508505 -0.0551544278829 -0.23406341422 2.4629328786 -0.0740419785335 -0.667537000963
2.962823686 2.45963156077 0.0280274177575 0.418364622498 2.43558295076 0.148669148423 0.199593531631 2.33701417501 0.0883923962837 -0.239897866562 2.20167250699 0.0787167053593 -0.679750518841 2.41761199457 -0.060565712206 0.187325042957 2.16623989575 -0.0636010135991 -0.222261008802 2.35651276967 -0.0760445132963 -0.653998035841
2.995410713 2.42523314953 0.0271465808033 0.424632967844 2.39886715571 0.14899005848 0.206791023673 2.32428030588 0.0863802874368 -0.237122032434 2.20120009559 0.078597852916 -0.679676054215 2.38320283553 -0.0603414619195 0.193169071937 2.10794041293 -0.0695895700302 -0.207090018289 2.26007604913 -0.0733111105091 -0.638458741179
3.029245014 2.39160108721 0.0268232856502 0.429142857007 2.36374754332 0.149848556798 0.212147628505 2.30744781831 0.0809948420016 -0.233805381249 2.20163148349 0.078113777047 -0.682496978651 2.35059005398 -0.059547918688 0.197073397053 2.07252960484 -0.0669861234412 -0.182548048618 2.15763593238 -0.0753647933722 -0.621781423978
3.062369810 2.35968120151 0.0228696218779 0.435036742566 2.33343068692 0.14426726868 0.216945927121 2.29342932227 0.0689074415707 -0.229927064375 2.20542764959 0.0726562027952 -0.68155161906 2.32279224542 -0.0653421682865 0.20298478456 2.04891589475 -0.0711790278672 -0.170558337856 2.05392585842 -0.0897649469647 -0.600484839416
3.095404234 2.32536383271 0.0187379898569 0.434721438933 2.29673758614 0.140513502307 0.217127427869 2.26743760639 0.0715013707561 -0.231869260162 2.19724599022 0.0732697667975 -0.686041396136 2.29096291097 -0.0692152100069 0.202177070665 2.02254357428 -0.0697278231635 -0.170746320819 1.93973243635 -0.100956223354 -0.595511702674
3.124736434 2.28682230369 0.0159276714366 0.425074607848 2.26142285999 0.13923399942 0.207986200165 2.24339115345 0.0785100409735 -0.242889618612 2.19658579104 0.0752618374315 -0.69573609586 2.2572599943 -0.0703583620639 0.191284189092 1.99646270839 -0.068611296039 -0.18469568791 1.84455454222 -0.112606399012 -0.584188904336
3.160008813 2.24841239304 0.0125416575082 0.42208427042 2.22106104292 0.137708094327 0.206280125889 2.21042240927 0.0750478532221 -0.244767595046 2.19222353319 0.0727658497284 -0.685480952883 2.21910666534 -0.0717666519282 0.187521527113 1.95709504053 -0.0726080608228 -0.186534700408 1.75661680259 -0.126627031474 -0.563749616478
3.194269488 2.20693749701 0.0101391757175 0.408107616125 2.18119600677 0.137039384052 0.193110853986 2.18144629468 0.0729164906834 -0.257888536584 2.19128135655 0.0731281433257 -0.695456901571 2.17895207181 -0.0722847056132 0.172707419848 1.91582523769 -0.0785423402229 -0.199942706165 1.6898819611 -0.134522723382 -0.565710491953
3.226810002 2.16250533175 0.00346202462256 0.391533591101 2.1349386475 0.130456297879 0.176985688205 2.15192161 0.0655490268864 -0.272463653964 2.18554406573 0.0662465838603 -0.698562105106 2.13729431547 -0.0780431288944 0.155652610707 1.87043558698 -0.0917623174343 -0.213780674205 1.6275675415 -0.148713610845 -0.570776119993
3.258371707 2.11835886105 -0.00440408788252 0.387391877039 2.08580365044 0.124914911036 0.17490394425 2.12071287739 0.061335319721 -0.274602394308 2.17939543515 0.0667068807941 -0.684201547852 2.09138684723 -0.0835096442627 0.150855583901 1.81643000012 -0.0978354451903 -0.212130893922 1.57272699593 -0.156281912261 -0.570012795994
3.293996918 2.06908835648 -0.0160038076664 0.376673735266 2.03181146726 0.114624460026 0.165789167599 2.07917018035 0.0474678499264 -0.28096329518 2.17612612974 0.0648917061266 -0.690997129105 2.04074182311 -0.0933747137152 0.139743236361 1.76240426953 -0.108440021385 -0.215589878213 1.54083595823 -0.16179693724 -0.58818205141
3.326869521 2.02095970514 -0.0262354393021 0.369374565129 1.98026496897 0.106081790216 0.160103901617 2.03779076533 0.0468161552677 -0.287192330197 2.16487271291 0.0679785330766 -0.687600481324 1.99331103769 -0.101648752684 0.131663118836 1.70651780813 -0.115962901228 -0.219516064532 1.50891793111 -0.163655559731 -0.605932300379
3.361491479 1.97142479841 -0.042387575905 0.354689169688 1.93689522629 0.0856261636863 0.141907115733 1.99056197811 0.0357792042903 -0.305703173561 2.16026918453 0.0596741948778 -0.699377319883 1.95051137986 -0.122138449996 0.117921958299 1.6593094669 -0.13437856383 -0.229002966932 1.49391410274 -0.175937520971 -0.630244623197
3.394402495 1.92538136747 -0.0544311372134 0.349747352731 1.89369762433 0.0697988870926 0.134212572258 1.93095585181 0.0371922810906 -0.317140088405 2.13169694389 0.0648867821869 -0.687364458584 1.91034943809 -0.138502763779 0.113954088244 1.61185355168 -0.138532333116 -0.228421341201 1.48326742817 -0.170202559468 -0.643056839949
3.426205078 1.88438045317 -0.0705518093637 0.350578039225 1.85515789587 0.0501230024251 0.132632406816 1.86893964702 0.0252659897547 -0.320747496105 2.09592478849 0.0610848548289 -0.674450814001 1.87443179367 -0.158431377768 0.115854503991 1.57819976805 -0.14598361335 -0.229074247979 1.48335334446 -0.17440823237 -0.653035966241
3.458909507 1.84651099672 -0.0805500868938 0.354296440046 1.81802928677 0.0381625007486 0.135101430526 1.81119882606 0.0205098191036 -0.319030944899 2.03463541384 0.0668057142953 -0.654013210943 1.83939523238 -0.170417346308 0.120151522946 1.55046500559 -0.141162944962 -0.230038913559 1.48393531256 -0.164330273079 -0.660151263789
3.495499977 1.81228266606 -0.0905684621332 0.361402217629 1.7878013202 0.028264362295 0.141749429744 1.75944656484 0.0119785029846 -0.311741020916 1.96370339266 0.0613098635374 -0.630180675004 1.80716311812 -0.180612060041 0.127235320541 1.53421999809 -0.142378687616 -0.23462640882 1.4859698233 -0.162751240338 -0.668142787376
3.528866490 1.77993359454 -0.0975719684092 0.367893425322 1.75807505012 0.0213558249121 0.147985943354 1.69905452888 0.00692001737352 -0.302131424083 1.87499315944 0.053209745206 -0.612707326692 1.77713802089 -0.187603152385 0.133654696576 1.52252991239 -0.14209088876 -0.240389106969 1.49005010184 -0.158745640633 -0.676042094356
3.559433673 1.74835526389 -0.105146997428 0.370796739558 1.72845875413 0.0142148279112 0.150922438249 1.62536750968 0.021743002245 -0.289343067478 1.81977567701 -0.00864077652825 -0.628566010585 1.74835985848 -0.194677568395 0.136334779701 1.51698617417 -0.14299769318 -0.251382265927 1.4908566975 -0.158481248632 -0.688018293608
3.592982677 1.71863604837 -0.110588695948 0.371551701017 1.70224747021 0.00993304294159 0.152029071393 1.53105161969 0.0372148104208 -0.233020775846 1.73396555102 -0.0184717382414 -0.590281454664 1.72172718503 -0.198958031213 0.136677498378 1.51077530866 -0.139459828421 -0.261478083567 1.49492012038 -0.154649950137 -0.698801450623
3.631694469 1.68785553917 -0.113042429922 0.371378352166 1.67352787292 0.00782583600817 0.151882478888 1.45866735189 0.0427269232312 -0.191679018265 1.64008804203 -0.0151527547646 -0.572126690887 1.69195363254 -0.201158229078 0.13640597078 1.50307885694 -0.139262530031 -0.272330655394 1.48947035501 -0.150010748964 -0.710045754336
3.662610364 1.65974519516 -0.116429923314 0.370048163673 1.6461492168 0.0052822631507 0.150968364368 1.43402614088 0.0383556397869 -0.222656161639 1.54121260154 -0.0191102254984 -0.629539718811 1.66660549031 -0.203458401533 0.134731350754 1.5048356551 -0.141858669208 -0.285211521222 1.49496125271 -0.14433285709 -0.723178220794
3.696525400 1.63166133661 -0.120168223798 0.367331286851 1.61668767238 0.00192237175977 0.148542218314 1.39858799106 0.0357644909385 -0.235991038182 1.43261122126 0.0028503664924 -0.657667005443 1.6399623021 -0.206476901499 0.131786700695 1.50299627072 -0.145845873841 -0.297069638245 1.49121424919 -0.141119629277 -0.735014693847
3.729979073 1.60444218632 -0.11370814159 0.364514492301 1.59080262477 0.0105518257052 0.146868927775 1.36269144093 0.0513929372692 -0.238265122025 1.32739895587 0.0278957068025 -0.661803154622 1.61273422971 -0.197817409838 0.128181164113 1.49952220142 -0.137330963506 -0.307684646236 1.49083331524 -0.131567125183 -0.745762556218
3.764081491 1.57678514522 -0.106814902115 0.355434485248 1.56338898866 0.0194780365023 0.138946878812 1.32609570252 0.0544729229323 -0.244789249076 1.22513207472 0.0401133334746 -0.659235518233 1.58555374007 -0.188686390903 0.11833363822 1.49583952953 -0.139011183332 -0.324258668354 1.49420287389 -0.128992268445 -0.762314387443
3.796087169 1.54695941931 -0.101810464552 0.348917108232 1.53068447806 0.0252916485192 0.133102318156 1.28189783122 0.0523617643381 -0.245628091244 1.13692994531 0.0435885839836 -0.650579493565 1.55443345295 -0.182590634242 0.111398800748 1.48511610727 -0.141522773625 -0.335914756894 1.49510324044 -0.133934663209 -0.773810667606
3.830002555 1.51575147519 -0.0948132799908 0.340023057826 1.49608957051 0.033363069907 0.125133710489 1.24239181135 0.0567951900862 -0.251656129114 1.07467847653 0.0439130623524 -0.651326701426 1.52212149744 -0.174088097902 0.101971566531 1.47352936837 -0.135268909935 -0.348438640115 1.50045745861 -0.137345104968 -0.785356829851
3.860838692 1.48264066662 -0.0821389326194 0.32797892896 1.46123706452 0.0452494775312 0.112791995858 1.20574783171 0.0607366028792 -0.263706760505 1.03072727321 0.0413874873974 -0.662411745062 1.48570478551 -0.162446752175 0.0902123161419 1.45533542948 -0.124024317341 -0.362032903119 1.50187233001 -0.136411002481 -0.796834374111
3.895464701 1.4504063476 -0.0756303992892 0.316493268555 1.42437762853 0.0497261831118 0.10066435415 1.16624562808 0.0517413749242 -0.274432292895 1.01033701022 0.0237619299405 -0.681181018309 1.44910365591 -0.158096117576 0.0794870782708 1.4407058697 -0.124216296127 -0.373977490495 1.50345583215 -0.147488099326 -0.806264677779
3.926771001 1.41379481614 -0.0666804910462 0.303319880087 1.3811828515 0.0567106474039 0.0872616044884 1.1027358539 0.0548691552506 -0.273634909953 1.02325446549 0.0406055271175 -0.704431615074 1.40685761422 -0.151330174732 0.0671913197527 1.4145442897 -0.11435908479 -0.38616638976 1.51272489845 -0.156380948579 -0.80880536124
3.963089653 1.37854071324 -0.0523681815768 0.297329714172 1.34103019415 0.0697614566411 0.0814049251949 1.05582858033 0.0671286341348 -0.274172793073 1.01630283327 0.0600355438497 -0.710628855165 1.364055791 -0.138560876995 0.0621543523386 1.38778958899 -0.102165167563 -0.390863190899 1.52529986296 -0.179166607955 -0.794727648641
