0.197609854 3.67994600545 0.0548370569307 0.30993753261 3.65007440816 0.171074137454 0.0896942951631 3.58992288776 0.16040184314 -0.361480044438 3.43320626828 0.193520606478 -0.81178855082 3.65977533078 -0.0385848387552 0.0780403288683 3.62182755974 -0.0221656876024 -0.375461179694 3.515956323 -0.0332241838654 -0.824239721474
0.230830503 3.6859423405 0.05394855204 0.308277690027 3.65433514755 0.170458979764 0.0883197220174 3.60038281983 0.16581092392 -0.363927958836 3.44376043896 0.197174530133 -0.815903396717 3.66443401817 -0.0392267398253 0.0763050364874 3.62749721011 -0.0164391786632 -0.377184222981 3.51925999863 -0.0292107687914 -0.829838854703
0.266170028 3.69185005647 0.0543995358069 0.309035450309 3.65866986879 0.169388301717 0.0884577523597 3.59915749062 0.163101660386 -0.363212683339 3.44539595605 0.196413015755 -0.811481527724 3.67007831444 -0.0403480302803 0.0776761552811 3.61858925947 -0.0157148308908 -0.374190476881 3.51941432757 -0.031778473379 -0.823677173141
0.296669083 3.69374480822 0.0550565290033 0.303255719228 3.66319059504 0.170367017053 0.0824379908811 3.60402148252 0.162875634551 -0.369365350131 3.44724260461 0.198424191971 -0.817943814781 3.67177628799 -0.039532743129 0.0718229080773 3.61574816859 -0.013947270831 -0.379615362686 3.51752929745 -0.0293082730887 -0.826749065631
0.332131526 3.69723918472 0.057993851104 0.303941955172 3.67015689224 0.174114006143 0.0830837782807 3.60348850447 0.169736533473 -0.367695578886 3.44903607089 0.20100949519 -0.812839024006 3.6735746167 -0.0359312236144 0.0723947398505 3.61487267582 -0.011997317153 -0.37888968198 3.51569679627 -0.0264367740825 -0.818880040345
0.365934502 3.7006059034 0.0578491872621 0.309096941585 3.66063445886 0.173739764622 0.0902112699236 3.58713574857 0.170474205339 -0.359524711935 3.4350946882 0.198814650279 -0.808620527972 3.67513811187 -0.0356854369266 0.0777048689952 3.62362416961 -0.0156182948336 -0.374628300551 3.51745949631 -0.0292596569358 -0.820416240668
0.398854909 3.70399851003 0.0555157265183 0.314524175217 3.66286837929 0.168935588867 0.0945865668938 3.60027787646 0.162955103833 -0.35668577095 3.44846260908 0.195610750408 -0.811563448169 3.67403317525 -0.0405792894045 0.084749428718 3.61429707211 -0.0214603453141 -0.36660257049 3.51685769882 -0.0335628798952 -0.822227456719
0.431738790 3.70814449145 0.0598141922173 0.314825185378 3.66990205199 0.174270606159 0.0948281029473 3.60942872464 0.171156873896 -0.356848341185 3.45364908508 0.205830755421 -0.814257925228 3.67401802237 -0.0356386995553 0.0852911005266 3.61969204319 -0.00792053439 -0.366255758032 3.51434518875 -0.0248567352545 -0.829558197002
0.468976496 3.70973775359 0.060921654277 0.316049025962 3.67261445319 0.175823381014 0.0960703872956 3.60427593313 0.162791071277 -0.354182978019 3.44904388341 0.200343479594 -0.813501682726 3.67418403694 -0.0341070026259 0.0865344928611 3.62061588095 -0.00966066618944 -0.365372247021 3.51227588141 -0.0283940181699 -0.825309043893
0.501215404 3.70927314194 0.0612157809883 0.313065049397 3.67016083111 0.174932914848 0.0927837599557 3.59559209426 0.160723183545 -0.356517571365 3.44434121429 0.200007585855 -0.822657549241 3.67349116059 -0.0351117888014 0.0840975294638 3.61435610722 -0.00912588579236 -0.367043885405 3.51119190278 -0.0328571130482 -0.828207965693
0.536250776 3.71027874409 0.062974417342 0.311262067187 3.67206169793 0.175768981401 0.090330078657 3.59185675011 0.157350061914 -0.357872477078 3.45747867606 0.199590733477 -0.820188603357 3.67357464954 -0.034400141461 0.0828647410712 3.61366515003 0.00112813045325 -0.367466154595 3.51198587278 -0.0323990870605 -0.821029196636
0.568119463 3.7120345912 0.0696769880312 0.314625097847 3.67800724172 0.18139577326 0.092458001764 3.5810620593 0.166499649948 -0.352283478687 3.4748824776 0.202352928142 -0.819346565234 3.67266082632 -0.0288014280818 0.0871407606631 3.61394469284 0.00452452811705 -0.363582244489 3.51238966747 -0.0241152263243 -0.816529930541
0.602254946 3.71226968779 0.0742057898591 0.316205999083 3.67913858051 0.184638483714 0.0932858021738 3.57763411537 0.159339740506 -0.350025287384 3.48167373591 0.197661592614 -0.824434969086 3.67062371356 -0.0253855172143 0.0896361752503 3.617192723 0.0111665402461 -0.361491771801 3.51009644176 -0.0269903205785 -0.822895095458
0.638865908 3.71308386199 0.079933133548 0.312461092528 3.67696203504 0.189651171032 0.0896419350465 3.57552374564 0.160689952481 -0.353622325531 3.48565054687 0.196102128462 -0.824819138967 3.67656581902 -0.0205774757496 0.0854027397274 3.62605571327 0.0196427366659 -0.365766798253 3.51489035192 -0.0274068698182 -0.832881624297
0.667683984 3.71077768396 0.0859991040809 0.311535746995 3.67167416778 0.19664155383 0.0897017994405 3.57582425643 0.1666806915 -0.354796093725 3.49057974731 0.200571827354 -0.820016117522 3.6752950351 -0.0134202500402 0.0838558388775 3.61696244273 0.021036383837 -0.366774699422 3.50774141924 -0.0245331892601 -0.831887030167
0.699413550 3.71060871404 0.0924652213192 0.311303691951 3.67241877237 0.202605042283 0.0890434867689 3.58441749752 0.170201810711 -0.356892560837 3.49707340579 0.199749127818 -0.819167996843 3.67352401852 -0.00756838171713 0.0841317395478 3.61267360549 0.0267102686875 -0.36624126692 3.50678292065 -0.0243822146924 -0.832415469029
0.735398047 3.70914483645 0.0974121763913 0.313417039614 3.67113458683 0.205068584319 0.0899133950504 3.58203933186 0.169265766819 -0.355603184425 3.49947673418 0.19578902312 -0.820930945124 3.66947910159 -0.0052054743833 0.0878399758411 3.611352573 0.0264612365829 -0.363105611433 3.50556809247 -0.02529369529 -0.829087339566
0.769759882 3.70562625723 0.10195900032 0.311285125048 3.66658891442 0.206653086054 0.086568685185 3.57176267018 0.180248654486 -0.358327725535 3.49886050589 0.197143329939 -0.824300022451 3.66351254192 -0.00361859606547 0.0875392165075 3.60300906577 0.0267358069181 -0.363202840307 3.50074117906 -0.0258617290725 -0.832137614805
0.800884913 3.70547097813 0.107053421136 0.314837829475 3.66704301765 0.207915157425 0.0882825507045 3.57257712467 0.181431503547 -0.356775665538 3.50611761257 0.196373153959 -0.817828674596 3.66221470601 -0.00228270863221 0.0931359009623 3.58481739757 0.041393798263 -0.353392836962 3.50343234882 -0.0255380268655 -0.829729116389
0.833949470 3.70368822243 0.113473260169 0.310134100672 3.66288599775 0.213391704655 0.0835580023753 3.57433852852 0.194431830452 -0.363038031627 3.5057181645 0.199885802028 -0.823572508578 3.66103376179 0.00316566130137 0.0887787123068 3.55967160632 0.0537623887588 -0.351722548063 3.5026564291 -0.022138691947 -0.837441271743
0.866141516 3.70093551892 0.119939192441 0.311710221623 3.65693017318 0.218995518838 0.0853431499846 3.58375742132 0.20774070294 -0.364024089174 3.50179191549 0.198231444955 -0.819641158707 3.65849248872 0.00875139157937 0.0907426803816 3.54073046157 0.054383237458 -0.346377080539 3.49041941818 -0.0217568399234 -0.823548221422
0.900079492 3.69893379639 0.124320410674 0.312403466281 3.65085716589 0.22275658967 0.0865884268086 3.58352790933 0.213261896555 -0.363894907423 3.4976210184 0.195544784126 -0.821961211745 3.65812211555 0.0126161057951 0.0913827726844 3.5202209592 0.0555474153572 -0.340007284745 3.47461546509 -0.0208376932627 -0.822090033488
0.936504609 3.69604507908 0.130254360024 0.305969669518 3.65522137441 0.228295439319 0.0787087873648 3.60378733581 0.229340935205 -0.373681084135 3.51261510049 0.197960854828 -0.835479394263 3.66421532848 0.0182794925872 0.0837652728857 3.51087131923 0.0613449312156 -0.342540361974 3.45961517861 -0.0206975773108 -0.833476330928
0.967163388 3.69364250148 0.133216845095 0.31173219055 3.64604805523 0.228613246199 0.0846511428376 3.5881985377 0.217341656143 -0.36687463039 3.49853507422 0.194961840706 -0.824361422622 3.65810256165 0.0187524544477 0.0913542235618 3.48711160908 0.0604851637655 -0.328296866496 3.42825466042 -0.0231984096675 -0.814873188391
0.996883937 3.68308116651 0.129165246853 0.292524068944 3.63853848861 0.219027967761 0.0627763993036 3.58811230063 0.211123821353 -0.388182674507 3.50440878405 0.188860910133 -0.849374688827 3.65719554371 0.0103656493963 0.0732979372206 3.48529101688 0.0520676155741 -0.346396530219 3.4151816263 -0.0292374362641 -0.83073416332
1.035200392 3.68002454633 0.131376188384 0.300301057711 3.63734344206 0.219824380607 0.0695105040351 3.58923901455 0.215231491508 -0.382731354183 3.51121478259 0.198672397535 -0.814968769002 3.65361964573 0.010881092461 0.0819140087053 3.47570680678 0.0587298423323 -0.334718241841 3.38998320074 -0.0213023786766 -0.806254456503
1.066913406 3.6762862317 0.138636092866 0.298474594391 3.644172495 0.231200016044 0.0676499900588 3.61268326801 0.234210993517 -0.386203516714 3.51818957809 0.20965132025 -0.819784773626 3.65511421994 0.0215839654588 0.0777256334643 3.48223236141 0.0748091318966 -0.340456089297 3.36173924424 -0.0152653234563 -0.816556415746
1.099506055 3.67090849714 0.151862971306 0.298357121469 3.64291681704 0.249794814288 0.0691672218438 3.59621450585 0.240423884684 -0.383301051436 3.5094781231 0.215891171674 -0.82149689983 3.65024768755 0.0398271211824 0.0749213453095 3.47244326803 0.0812247911297 -0.3424474779 3.31623437235 -0.0126431914107 -0.81095956891
1.136395819 3.66953033175 0.160401464168 0.309192819891 3.63803986318 0.263719082263 0.0828917118037 3.5862851337 0.236030110418 -0.368308339182 3.50654215569 0.212188005372 -0.806757326058 3.63971544517 0.0535313061283 0.0843185244994 3.45714157113 0.0749466816397 -0.332141421938 3.28498004288 -0.0166126131601 -0.797217876957
1.167295546 3.65933496445 0.166038359092 0.299911546305 3.63687500528 0.271672019878 0.0736994705988 3.59345675352 0.229924790081 -0.377420883836 3.50942320963 0.206079617517 -0.82636280539 3.63950565719 0.0615251942127 0.0729337138684 3.45840620069 0.0675121846369 -0.344716866036 3.27493751496 -0.0197097722408 -0.813232976788
1.198834100 3.65048633493 0.16919266924 0.303963519726 3.6223740274 0.278248077453 0.0799181975699 3.58119946697 0.226476808046 -0.370613069036 3.49339372555 0.203581252363 -0.813359267507 3.62553005804 0.0680554773502 0.0758660619565 3.43096459908 0.0633382175663 -0.335608916116 3.24066196015 -0.0207670651951 -0.792522279598
1.236445241 3.63999217482 0.17036844246 0.299832576828 3.61583396578 0.279957037805 0.0754849940538 3.5844311225 0.230145551606 -0.37617881577 3.50278309481 0.201297213976 -0.825181567621 3.61915747536 0.0697425343257 0.070996822669 3.43491454464 0.0554034214368 -0.34507371334 3.22787023238 -0.0278810075981 -0.794115555365
1.265178742 3.63012352449 0.170816739951 0.300830659952 3.60518577207 0.281670499669 0.0771033345584 3.57806809259 0.22963057462 -0.374735280435 3.49921498762 0.202022863101 -0.822267247874 3.60984912051 0.0714714048583 0.0713003389161 3.4171350333 0.0515434661448 -0.340852517661 3.20802091633 -0.0295094259982 -0.782353580599
1.299415703 3.62021484656 0.169446540591 0.303127571349 3.59238012411 0.279503185785 0.0793214296919 3.565064938 0.226620639162 -0.372506625494 3.49794841157 0.198278824635 -0.819065888241 3.59669142461 0.0692612811489 0.0742470120029 3.400932682 0.044749167586 -0.336410136369 3.1886391294 -0.0345232644339 -0.774025262335
1.336411974 3.6094970875 0.164409681764 0.302006394897 3.58352930661 0.275015879104 0.0782573752888 3.56712573891 0.222387370364 -0.37404636695 3.50078263996 0.196167033899 -0.821211406464 3.59312820044 0.0649623254945 0.0721927038024 3.40257135404 0.0401361059782 -0.340978440728 3.18205903304 -0.0430182913506 -0.787485321173
1.367394391 3.59472612741 0.155686757634 0.303086038998 3.56377275393 0.265870054581 0.0797617355785 3.53955448625 0.214199799607 -0.372323975636 3.4875983254 0.191670433956 -0.822547966922 3.57711773951 0.0560907571328 0.0734272749413 3.38568907159 0.0303725132349 -0.339371200982 3.16291574908 -0.0482988067667 -0.785526937867
1.401409821 3.57924863495 0.145444009742 0.305528661768 3.54112168612 0.253281561955 0.0822108391664 3.53040093877 0.210771482292 -0.371132779904 3.48536201316 0.190317337363 -0.819575424528 3.55835778861 0.0437473006198 0.0771099457794 3.3699977042 0.0218352661136 -0.33732872391 3.15666040208 -0.0510109612442 -0.781680235202
1.436368718 3.56521986454 0.140133258749 0.310613613201 3.52133266616 0.247765025033 0.088273533926 3.51881891318 0.214389649588 -0.365973679743 3.48608026745 0.197447436437 -0.814468615643 3.53918644283 0.0382965885674 0.082803070399 3.3579364496 0.0176201663444 -0.334820439861 3.15395653915 -0.0462720986479 -0.77844182195
1.467598370 3.55144742465 0.133538542632 0.309748124239 3.51331656522 0.243664379133 0.0875335121013 3.51322467385 0.213541530285 -0.367106441177 3.49425920257 0.197368212329 -0.819981340998 3.52613811236 0.0338254789316 0.0808856378595 3.36256241645 0.0115623983023 -0.343521933903 3.15287497619 -0.0503502276207 -0.787962508895
1.501588866 3.53420378281 0.125753040755 0.30482289461 3.50173356018 0.238331023598 0.0829559026705 3.4846255994 0.197746091372 -0.37020255805 3.48814346749 0.196018656784 -0.824711115897 3.51202140985 0.0284537496794 0.0746181573644 3.35731681583 0.000869580419542 -0.352894778405 3.14733174338 -0.0547563453943 -0.797791345956
1.539636647 3.515504592 0.118663273278 0.305340999185 3.48385418895 0.233523127113 0.0844923147808 3.46408046359 0.191080747961 -0.36864633024 3.47913154228 0.193441307397 -0.817032432892 3.48861761984 0.0234912785348 0.0747148925013 3.33936175474 -0.00564559364164 -0.35477288628 3.1333832695 -0.0580414193655 -0.797687290814
1.568512831 3.49677511554 0.113367542554 0.304326907826 3.46662104525 0.230728874359 0.0845823133844 3.4646112349 0.188334640902 -0.368780365393 3.47525801238 0.19188218062 -0.817160226281 3.47201093134 0.0208852776699 0.0723683653663 3.34270037643 -0.0132694980042 -0.36276551329 3.13816840934 -0.0561427697392 -0.800256827434
1.601643597 3.47841603456 0.106327352132 0.31086493913 3.44435961813 0.226412416856 0.0931930671524 3.44077490595 0.171822193727 -0.358929752934 3.46811079347 0.189690717599 -0.819927045731 3.44888230676 0.0166757410383 0.0783740808158 3.32604003063 -0.0236867287721 -0.358322245305 3.13092698838 -0.0582294357427 -0.79305385894
1.635934754 3.46202031554 0.0961388611205 0.309643716396 3.42871585085 0.216737341082 0.0921076296202 3.42023196553 0.162827748761 -0.360211476792 3.4714049514 0.187412607751 -0.830786982148 3.43687378933 0.00716434820408 0.0763483833485 3.32962818622 -0.0351930689704 -0.364157188905 3.14287864736 -0.063930876522 -0.799076119638
1.668413285 3.44975084751 0.0887030250366 0.319417137929 3.40914511564 0.210912272247 0.104134450165 3.38058262341 0.15648614194 -0.346968106054 3.4619865372 0.18822539359 -0.818312033001 3.41720490201 0.00149351675514 0.0864661466365 3.30391754348 -0.0378201432388 -0.353005483137 3.1399370211 -0.0588736859417 -0.787448789497
1.702369978 3.43820112253 0.0740353724435 0.326451085383 3.39643499447 0.193987085179 0.110052725001 3.35484223441 0.13902094424 -0.340063653594 3.45644870165 0.17811761568 -0.826721192347 3.40948843772 -0.0153094281159 0.0937398718804 3.31599622545 -0.0536508636419 -0.350135715492 3.15199518507 -0.0713562046685 -0.7840061458
1.737283131 3.4264970679 0.0638943382411 0.329085314165 3.38273997569 0.183046666222 0.112608912391 3.32549092518 0.139726646974 -0.33687290247 3.4423275841 0.185535837736 -0.825782297704 3.39578658528 -0.0262549635608 0.096912392303 3.30790589603 -0.0532867538025 -0.349060582015 3.14173318908 -0.065807727043 -0.787467106641
1.766895009 3.41037356603 0.0514281916748 0.325682999123 3.37028639546 0.169110081781 0.107669749152 3.28601803492 0.13604469351 -0.337795517488 3.43666228099 0.184118504304 -0.832618824745 3.37840186334 -0.0406485973648 0.0944130665124 3.29558926257 -0.0618533349938 -0.353018269928 3.1374326443 -0.0694526937065 -0.793201954126
1.803497172 3.40030988393 0.0413729255217 0.32613741231 3.36140557506 0.158358981044 0.107531430332 3.25033400207 0.12842316351 -0.332027320007 3.42677555828 0.192793623628 -0.82502113218 3.36653911408 -0.0515157750334 0.0954441312051 3.28411198968 -0.067239859391 -0.352407021714 3.14554080007 -0.0649520764602 -0.788299884299
1.837433193 3.39226477248 0.0371435830736 0.336761221158 3.34652403953 0.156430978383 0.120921316538 3.2010325963 0.123570847711 -0.307504800045 3.40103606898 0.204272838163 -0.810095988805 3.34768979886 -0.0534225634786 0.107153673099 3.27426680191 -0.0645819136818 -0.342376101762 3.14022659627 -0.0544788484522 -0.776414855013
1.866601308 3.38017057062 0.0269919483018 0.336526951618 3.33421035949 0.143659601365 0.119219640578 3.16536743213 0.0989530180357 -0.299716033785 3.3700517039 0.193284031114 -0.818384327141 3.33495523054 -0.0663392514907 0.108072970364 3.28105493408 -0.0786490808253 -0.343858792712 3.14571049041 -0.0662589682319 -0.786173664219
1.904693018 3.36876163755 0.0209697620768 0.331178665889 3.33012783452 0.139177179753 0.113255071223 3.13374234383 0.082591436416 -0.340117742571 3.34358343101 0.198257337821 -0.816452223082 3.32441274358 -0.0707588840265 0.101885097101 3.26717911922 -0.0618187065315 -0.349470771772 3.14761888136 -0.0573573689673 -0.792604335292
1.934231354 3.36118035206 0.0183701610938 0.332209089244 3.32701407531 0.136688856548 0.113577683979 3.11030596736 0.0773954427366 -0.305303111807 3.30479103412 0.195006523942 -0.796950737816 3.31658365373 -0.0730252625768 0.102808557256 3.26126942466 -0.0538463924235 -0.348737778874 3.14823903407 -0.0556894627892 -0.78126473796
1.967614662 3.35076823352 0.0220371837 0.333380636279 3.31756752866 0.142617303905 0.115846380177 3.07288083313 0.0778755375052 -0.328073482149 3.25162235086 0.195681377471 -0.791397686071 3.29862880171 -0.0664763935921 0.104448195351 3.24328013749 -0.0443193360042 -0.347202892239 3.13907321385 -0.0451007475252 -0.783944880074
2.004660588 3.3443249 0.0208517180615 0.339234480747 3.31210685757 0.143335164096 0.122625330899 3.05766258389 0.0697062387465 -0.332844117167 3.20803238773 0.177609378977 -0.775506412675 3.28864517519 -0.065120999661 0.110174611418 3.24554310585 -0.04794882522 -0.34296223893 3.14591432168 -0.0515574522853 -0.778593830984
2.035148540 3.33734567866 0.0186626036039 0.344317697302 3.3032851079 0.141115328835 0.12793903823 3.02924021813 0.0642609591744 -0.338963885813 3.15092406866 0.16171270009 -0.769795265404 3.27939422763 -0.0673771981924 0.115814858411 3.24633389879 -0.0489944689827 -0.338167625135 3.14557961807 -0.0560784801261 -0.779524493817
2.068841099 3.32768772977 0.0154315462472 0.343832137074 3.29686324261 0.136985742868 0.126453374563 3.01023580918 0.0630740073482 -0.344075693447 3.10057672713 0.147299993792 -0.7649914916 3.27360566545 -0.0716876213715 0.114780364293 3.24064102512 -0.049273847804 -0.339148622291 3.14767457277 -0.0591972354009 -0.787000270555
2.104664896 3.31931324751 0.0118855312178 0.348306288929 3.28659691525 0.133622301838 0.131276211956 3.03195322701 0.069969221093 -0.301063199977 3.04442079843 0.138294630049 -0.752991041187 3.26667380965 -0.0753997440017 0.118953103988 3.23356022817 -0.0486134543491 -0.334784948821 3.1470305598 -0.0587136638529 -0.778348717896
2.135594516 3.31183231484 0.00967305466497 0.352728282961 3.27862795027 0.128674198225 0.134266780779 3.04550430125 0.0751302358347 -0.282601396726 2.98725480112 0.131905839744 -0.754394273588 3.25777272644 -0.0804032251835 0.124795727016 3.23097896315 -0.052315928888 -0.329284390023 3.14967118558 -0.0575151220489 -0.776937350643
2.166890656 3.30258868707 0.00818686138658 0.357931167257 3.26607377851 0.126640941357 0.139706585194 3.0556973966 0.0870997328098 -0.276046929773 2.92802652875 0.135172345819 -0.751367566772 3.24564092089 -0.0825147733472 0.130957514743 3.21745674956 -0.0463437037775 -0.322439125509 3.14704814196 -0.0555802714544 -0.774117944035
2.204086669 3.28833670841 0.00654637667834 0.349338598757 3.26117433619 0.124055451253 0.129428771159 3.06814093753 0.0918005994404 -0.288383645402 2.88711071837 0.133466339204 -0.763661850074 3.24103981878 -0.0851498229018 0.120730663968 3.21849650047 -0.0445318599009 -0.332609417414 3.15174341096 -0.0574045606957 -0.787783671731
2.237090676 3.27776931466 0.00728649880422 0.34710102771 3.25377833224 0.122089802138 0.125323848375 3.06426639155 0.0980019325595 -0.29151040119 2.84518839647 0.13404713309 -0.751815748819 3.23337966353 -0.0871848547013 0.118966257291 3.21097014098 -0.0486346707499 -0.334615188108 3.15159719547 -0.0559259578698 -0.779568095022
2.268598990 3.26379516315 0.0100474414318 0.3415824328 3.24294798047 0.123623812343 0.118827031468 3.06139012271 0.102484908445 -0.300133010254 2.80861147198 0.139421724078 -0.751939515832 3.22431884598 -0.0858272448561 0.113100232223 3.20882362724 -0.0467270095671 -0.340701850146 3.15021949199 -0.0542162880951 -0.782740575313
2.305808412 3.24865548646 0.0147145143837 0.338556029671 3.23067988664 0.127323336982 0.115059864617 3.05177753955 0.107555528958 -0.304408853851 2.79156825271 0.142580658056 -0.750516479596 3.21587253145 -0.0824394432395 0.109555768619 3.19892370651 -0.0454230412624 -0.344404389465 3.14738648779 -0.0514587988065 -0.77899972018
2.338172406 3.23287468922 0.0169987791562 0.331172207021 3.21722941409 0.127979850381 0.106707542807 3.04109244514 0.108134789637 -0.313578370267 2.78201502023 0.139050776774 -0.756719996751 3.20806268807 -0.0820990101957 0.102020992008 3.18790880338 -0.0503341229822 -0.352189047491 3.14773463381 -0.0521539116634 -0.779290859154
2.369043919 3.21873624595 0.0223524869885 0.332295397383 3.20185439563 0.135014889121 0.108716113687 3.03387779378 0.120966260328 -0.314835545915 2.76585921976 0.149167737084 -0.757152798735 3.19297574944 -0.0749795282596 0.102450338197 3.18164947918 -0.03687023301 -0.351480497888 3.14376882042 -0.0442299760353 -0.769480175642
2.403637554 3.20409243238 0.0293487462939 0.335277903565 3.1886666369 0.141650048809 0.111380300922 3.02963289337 0.127760617294 -0.315492329639 2.75916146612 0.149534762653 -0.756714846887 3.18206240566 -0.0684767759881 0.105223770008 3.17913018133 -0.0313915511628 -0.348926716662 3.14581397977 -0.0437527308216 -0.770818623096
2.432684287 3.18778772621 0.0323528539601 0.333198861893 3.17419225896 0.141278413611 0.107550092859 3.02127250573 0.131435459937 -0.32163896641 2.75179450317 0.14404610339 -0.767535559573 3.17131069503 -0.0690118267728 0.104242364189 3.16728423876 -0.0338739517005 -0.350129248833 3.14236086384 -0.0522008064024 -0.776797309142
2.466808598 3.17156704622 0.0342997891598 0.34144406918 3.14895987139 0.139059921879 0.11466905151 2.99968142771 0.140981279066 -0.315787141496 2.74140149339 0.140910689238 -0.755255125889 3.14961591841 -0.0712430694871 0.114967022735 3.13573642122 -0.0317770712747 -0.338769696916 3.12896271677 -0.0546788600721 -0.766674762369
2.502993607 3.15182163137 0.0394624516162 0.332037006699 3.13440779654 0.155614143939 0.111377601056 3.0009605962 0.167966116529 -0.323753759965 2.75516873926 0.157137576966 -0.763016162788 3.1306321491 -0.0515291118135 0.10018150897 3.11496967112 -0.00164907672376 -0.349080289581 3.12840494634 -0.0323098855277 -0.786022965887
2.534091332 3.13441465375 0.0440166250425 0.337897849447 3.11464218764 0.153533810105 0.113680667433 2.98946746526 0.158525980318 -0.324175043431 2.75202478998 0.13854416637 -0.756105201532 3.11083824989 -0.0550354864004 0.109224565686 3.09472267303 -0.0148936388577 -0.34266361975 3.12328570444 -0.0516893293807 -0.766509580384
2.567174328 3.11885556591 0.0508424727371 0.343143878278 3.09697226855 0.155742256553 0.11664858207 2.9830262517 0.172856965569 -0.323851289303 2.75171837896 0.14384033834 -0.754764441129 3.09084803892 -0.0535455619648 0.117086470779 3.08079347244 -0.00708981123825 -0.335232202619 3.11751441476 -0.0441095967041 -0.772390357524
2.603185016 3.10461897879 0.0626886423671 0.350946420806 3.07709798903 0.166944835528 0.124599887982 2.97998884133 0.19285396369 -0.319331930002 2.75282334397 0.153374888297 -0.749440592649 3.07188147889 -0.0427859117841 0.125861686932 3.06534668186 0.00484908923695 -0.326897856329 3.1097253011 -0.0351089653724 -0.777319161921
2.635076822 3.09193731751 0.0704254808556 0.353059077252 3.06581305478 0.174831528085 0.126459853751 2.97487020013 0.18971631061 -0.319437074774 2.7599012122 0.152422964222 -0.753831182612 3.06147886942 -0.0352029421825 0.12756967192 3.04389698239 0.00392819593364 -0.325759777052 3.11280023107 -0.0378228365239 -0.785803548216
2.665926824 3.07878180037 0.0737133048471 0.356467298182 3.04671198801 0.175913138221 0.129567269494 2.9549891194 0.186415929356 -0.316533711952 2.75229040038 0.145850441759 -0.75277201159 3.04910192899 -0.0342868156179 0.131940673804 3.02095242904 0.0011510120442 -0.321260852439 3.10621237464 -0.046281333928 -0.784953792572
2.702514391 3.06519513153 0.0766506710172 0.359696931829 3.02744149024 0.17607066021 0.132459720039 2.94363023816 0.18618494586 -0.315272226136 2.75031360091 0.143604584889 -0.753067231379 3.0329725514 -0.0339993725756 0.136840742206 2.97975273885 0.00450010387337 -0.3133252763 3.09263695646 -0.0488488352704 -0.781728767121
2.734985728 3.05459233193 0.0810822192902 0.359665842845 3.01780280413 0.179110938525 0.131625816845 2.94193270994 0.188920535327 -0.317560824637 2.76050353371 0.147182747319 -0.75183313795 3.0263934386 -0.0308956770307 0.136884940566 2.95321295967 0.00269517202146 -0.310843855572 3.092213584 -0.0439563464385 -0.785715459902
2.767545623 3.04572419497 0.083891268747 0.369853283867 3.0014349176 0.181383491928 0.142988792007 2.92577259641 0.188485325822 -0.306365361225 2.75273918485 0.144757471606 -0.739164896539 3.01092594306 -0.0286217222341 0.148349719061 2.90801356432 0.00202467976189 -0.293126953705 3.06911499953 -0.042818797007 -0.771417096247
2.804310235 3.03600446675 0.0871850257691 0.37269630663 2.99229331518 0.183968816015 0.145339060571 2.93548352078 0.192008173381 -0.30641788713 2.76029018157 0.146324927931 -0.745402473103 3.00273600267 -0.0260178456859 0.151229464111 2.87375404705 0.0113039537915 -0.282702267316 3.06299242066 -0.0449177574848 -0.779036397488
2.835370664 3.0257021933 0.0909064845087 0.368970056631 2.98608844966 0.188330289195 0.141115267445 2.9322254313 0.196144849646 -0.311220853678 2.76576672213 0.145417324757 -0.752284573298 2.99406922348 -0.0217866038696 0.146983035984 2.83962757934 0.0162905952533 -0.278495354853 3.04709345546 -0.0408103100866 -0.785660484596
2.866861728 3.01632571773 0.0936723344665 0.368816557137 2.97563531398 0.191357518255 0.141237238825 2.92276204267 0.198673425115 -0.311339715401 2.76575625218 0.14361224049 -0.746439358416 2.98694372108 -0.0186292566147 0.146295302758 2.81971669364 0.0189647107304 -0.275010906716 3.02434275887 -0.037817721688 -0.772914185208
2.904965731 3.00823049693 0.0978303857858 0.371351437947 2.96585210515 0.19592085207 0.14424496519 2.9180479434 0.197781302696 -0.308948340664 2.76625697697 0.145877028096 -0.746253203028 2.97820054877 -0.014007636127 0.148673081456 2.78881938542 0.0255466685426 -0.293317586437 2.99263160173 -0.0353441710248 -0.763769537476
2.934431225 3.00040527971 0.102692791429 0.370251002823 2.96177004743 0.201813079508 0.142931351034 2.91795028577 0.196482596283 -0.310622748264 2.77038025942 0.148676802152 -0.745783979893 2.97277669252 -0.00821710391059 0.146806188537 2.76622075527 0.0489236969683 -0.269216581797 2.96404979977 -0.0300205608016 -0.762489036982
2.972887501 2.99280712267 0.105808585358 0.369960747529 2.95261818012 0.205053936394 0.142950641242 2.90253795393 0.191473857419 -0.309731029054 2.76434072153 0.145715964538 -0.745235862005 2.96635284983 -0.00483251446955 0.14622585935 2.73956397586 0.04153067379 -0.287806876948 2.92247780938 -0.0329411351044 -0.756943352053
3.005326363 2.98546580583 0.107601771283 0.369508442952 2.9423764731 0.207589451753 0.143360682524 2.90289318364 0.189652996908 -0.310164532556 2.76235489443 0.145793517669 -0.741687759008 2.95828984875 -0.00214904761137 0.145424833059 2.71154591169 0.0377858923765 -0.290941448104 2.88300200113 -0.0324497220322 -0.750509979511
3.036393288 2.97828366052 0.11082718588 0.368268387547 2.93730272289 0.211791078013 0.142187529164 2.90546666422 0.189596625135 -0.311785086442 2.76698084869 0.14740153637 -0.746153230101 2.95647292897 0.00231954312685 0.143021076915 2.69943238672 0.0386121876028 -0.290001004438 2.85115971149 -0.0270053733582 -0.746285497313
3.073251696 2.97255001652 0.114243127039 0.371296545815 2.932858381 0.217012146283 0.14578985567 2.90603161827 0.189668267225 -0.308270531633 2.7656563981 0.149330883312 -0.740875149065 2.94997780168 0.00737957166382 0.145329526676 2.68079154672 0.0391410002041 -0.281539021904 2.80515462592 -0.0241676021283 -0.732181507526
3.105263836 2.96713425124 0.116791836088 0.375534877475 2.92711107159 0.220230814137 0.150381337962 2.8996876577 0.185631989039 -0.303169037383 2.76296157438 0.147495866699 -0.742572648932 2.94245461247 0.0104502861599 0.149529902211 2.66701864537 0.0363367008036 -0.271311218628 2.76369958893 -0.0243174774541 -0.721132588163
3.135796905 2.9585612369 0.118187152193 0.372494686798 2.92111666924 0.221464968754 0.146826504634 2.89330117165 0.185273460331 -0.306641792244 2.76280018645 0.142486054705 -0.750571976952 2.93679761346 0.0116985840528 0.146261749772 2.68106214208 0.0381781639789 -0.258668966746 2.71958438108 -0.0268459407373 -0.716440714693
3.172560330 2.95090131343 0.12014990787 0.371365625579 2.91346821551 0.225898366563 0.146841242201 2.88128895867 0.187380426096 -0.306155358961 2.76154261429 0.147538677649 -0.746552624188 2.92960569388 0.0161752488814 0.143920589666 2.68825111244 0.0394009038559 -0.255944460071 2.67576235121 -0.0275780543719 -0.719454713882
3.202718497 2.94264252686 0.121434179292 0.373327692048 2.90299775606 0.229482831276 0.150300692283 2.88497061689 0.185937690596 -0.302807472093 2.76262954655 0.149964661256 -0.739174332282 2.91793014856 0.0197165134441 0.145226052475 2.6870060074 0.0379636891993 -0.2540734533 2.62786515874 -0.0311559128032 -0.716408334333
3.236680431 2.93278265457 0.121487319954 0.370927490228 2.89596063566 0.229653230843 0.147470075431 2.88227749246 0.185407910806 -0.305841062054 2.76436782078 0.145498481117 -0.745551963179 2.91084420037 0.0198877863967 0.14248607301 2.69537978087 0.0316727043329 -0.261951551076 2.59097748603 -0.0330384259237 -0.712138301376
3.271055188 2.92280315879 0.116077081271 0.364540075713 2.88745184798 0.221267686282 0.139460569943 2.86914226745 0.170383295907 -0.312997660534 2.76100749252 0.136787378686 -0.747917246246 2.90689254905 0.0118213312991 0.136826526368 2.70375088297 0.0189784582719 -0.272373151648 2.54988864951 -0.0421442897421 -0.712894864315
3.304343864 2.91376508796 0.113897452125 0.366472878687 2.87939009256 0.220285280571 0.141787336005 2.87150943944 0.176026950843 -0.311575977335 2.75968645688 0.143540608697 -0.738638310729 2.89699778304 0.0107429191373 0.138302041839 2.69722181804 0.0228783537992 -0.271792713848 2.50462743313 -0.0362269526389 -0.703140974917
3.333817320 2.90249018197 0.112841029485 0.364423786801 2.87127265258 0.220783572288 0.140014981179 2.87584952978 0.173866688464 -0.313070317008 2.7589447284 0.146472124527 -0.74367328115 2.88796481199 0.0111610397202 0.135434780708 2.70254819256 0.0252479145323 -0.280719521743 2.4695585637 -0.0339145280483 -0.706757240145
3.372391207 2.89090010447 0.11180068845 0.366212373075 2.85786592271 0.221281203706 0.14280300955 2.86332097689 0.173462055652 -0.310327656242 2.75389078759 0.146620299323 -0.739639143933 2.87348971761 0.011599218972 0.136765537613 2.6887171502 0.0228492087903 -0.279763111075 2.43750535667 -0.0315909191322 -0.700178509125
3.403631686 2.87854636135 0.106291998968 0.365236161129 2.8485607595 0.217103908174 0.14204774893 2.86080342268 0.166601938983 -0.310676646017 2.76015520239 0.140536490546 -0.742865607373 2.86227439549 0.00730933898494 0.135172088209 2.68474328228 0.0156626135354 -0.284488682416 2.42548509978 -0.0346522654702 -0.701394529426
3.434701195 2.86408201147 0.102091514014 0.362558266262 2.83580539466 0.212102579582 0.138750646125 2.85091182742 0.161614750549 -0.313947483707 2.75574186711 0.139483205902 -0.745334463232 2.85107909157 0.00239365130922 0.132594156919 2.680243028 0.0131510251209 -0.289760821647 2.41225023536 -0.036475468534 -0.703527781593
3.471688178 2.84702756871 0.101339620315 0.361969400683 2.81671359656 0.212899094537 0.139212645575 2.83121700939 0.160549263778 -0.313327843493 2.7483129056 0.143956872462 -0.742610925202 2.82885301205 0.00302151270722 0.131776871006 2.66314535456 0.0149895834572 -0.29260417315 2.38930221154 -0.0332166302499 -0.707284411167
3.503384362 2.83219360009 0.098670025421 0.363587314058 2.80384471113 0.212278716457 0.141601181614 2.82974169749 0.15593066705 -0.309807940613 2.75175018153 0.140999380815 -0.74010385775 2.81414818312 0.00238614184461 0.13251899045 2.66359066808 0.0100214778694 -0.297292895489 2.38988326841 -0.0365380659513 -0.710011708223
3.534476500 2.81705568504 0.0974194510175 0.368982084018 2.78592749591 0.213722498299 0.148793477653 2.81109499859 0.155207667648 -0.302467631641 2.74609344936 0.140466919851 -0.738972733456 2.79513769646 0.00390216145459 0.13713548484 2.65065318787 0.00700331530369 -0.294923951483 2.37878951413 -0.035206426403 -0.709847238763
3.572074583 2.79915823416 0.0936830113751 0.3679823939 2.76634742527 0.21198499962 0.149092637099 2.79136526389 0.154832732506 -0.302398131679 2.74228925326 0.137890459344 -0.740699953369 2.7760043951 0.00231315341464 0.135387340399 2.63704335088 -0.00367491776687 -0.298443524294 2.37259979832 -0.0393293357969 -0.719016161339
3.604215229 2.78376569586 0.0858658771984 0.371006956055 2.75174004356 0.203672400187 0.151714043904 2.79030971725 0.129459254508 -0.295805354364 2.74761227565 0.132254263687 -0.739709555441 2.76260551077 -0.00597256512905 0.13838771005 2.63247795926 -0.0137683283392 -0.298174037309 2.37681395311 -0.0458683522999 -0.713724245666
3.634344553 2.76774864733 0.079917827947 0.376307796139 2.73355331538 0.19961706605 0.158384719228 2.77964181576 0.1193909475 -0.28756373803 2.73862301333 0.136596912552 -0.736593921836 2.74250080757 -0.0100148438346 0.143364239588 2.62069453348 -0.0170759830876 -0.295633405647 2.37151243728 -0.0419442766196 -0.710387861446
3.672758716 2.75083265986 0.0750753585845 0.379129177856 2.71997130737 0.196675884569 0.161770053542 2.76935009569 0.115498003507 -0.283837931183 2.7421996516 0.135977174713 -0.743173036536 2.72823422305 -0.0128583353409 0.145160159912 2.61782882968 -0.0232842837141 -0.296706820414 2.37733273414 -0.040207087882 -0.712909184095
3.706005278 2.7349865036 0.0693338453002 0.382957300027 2.70426235839 0.190696075279 0.165426178138 2.75352421019 0.107850041933 -0.279989850591 2.73990669187 0.133607934113 -0.743086358191 2.70932361675 -0.0189915129425 0.149434338261 2.59890504814 -0.0317560348199 -0.292496423754 2.372059571 -0.0441694600042 -0.70864311248
3.734685142 2.72025021111 0.0638277601343 0.387152605621 2.6862489671 0.185837809039 0.170491506146 2.74261360696 0.102591556117 -0.274003299283 2.73430342942 0.136420993365 -0.737812289758 2.69061735182 -0.0238011805773 0.153854527212 2.58628470314 -0.0333505502475 -0.289647317338 2.37259960939 -0.0428608223088 -0.707517382041
3.772971987 2.7043981671 0.0620105212729 0.387178542755 2.67204657677 0.186271411656 0.171536281825 2.7252263974 0.103752441957 -0.273529968815 2.73625309529 0.144100260781 -0.74133988481 2.67150187 -0.0233055423268 0.153451444962 2.579812027 -0.031032056338 -0.292742752547 2.37329733124 -0.0369756650218 -0.710359181479
3.804918199 2.6908542569 0.0562982522851 0.391025272192 2.66076096524 0.18114537838 0.175395011634 2.71090951237 0.103759911951 -0.270935952603 2.734460897 0.13878873076 -0.736296665336 2.65934027991 -0.0283359882287 0.156860531992 2.57598662419 -0.0392016050728 -0.29093560959 2.37843433282 -0.0432326728249 -0.706083077302
3.835403846 2.67617583935 0.0414771305581 0.389612179137 2.64359647509 0.160240636987 0.170995935279 2.68378163225 0.0846350030395 -0.276568055105 2.72517674287 0.124153412234 -0.743974609749 2.64802297768 -0.0496178024131 0.157515755448 2.56774889714 -0.0572070216843 -0.290995790512 2.38176714382 -0.0577095053705 -0.7076753747
3.874442449 2.6631431822 0.0341248983907 0.397964674518 2.62539902637 0.152827148513 0.180202590867 2.65355651325 0.0964205746947 -0.270591351064 2.72086571109 0.138605758459 -0.728602889812 2.62839144693 -0.0569466480223 0.166807194136 2.54778161155 -0.0474414585841 -0.281347249151 2.37538041334 -0.0436871480013 -0.696848752119
3.906186054 2.65101894147 0.028800860173 0.399950375791 2.61314880663 0.148875626465 0.182893538575 2.63046616439 0.101966746898 -0.269627246473 2.71916694771 0.141476495017 -0.734692055936 2.61310313848 -0.0609383995835 0.168703048023 2.54972813948 -0.0465743287839 -0.281915585158 2.37956935291 -0.0411192119297 -0.701159375416
3.935870287 2.64225188732 0.0263159227269 0.407183257116 2.60561465813 0.148644641759 0.191151836513 2.60087294404 0.0991931015141 -0.261139833084 2.71515740868 0.148563379093 -0.732381799509 2.60040296913 -0.0610330202084 0.175676696968 2.53740319649 -0.0419586132527 -0.275073743011 2.38203152054 -0.0375857251024 -0.695059897155
3.972864953 2.63328656703 0.025405052622 0.409468171639 2.6009811187 0.150100191145 0.19410450551 2.55520817333 0.099458520631 -0.254280488712 2.7067142703 0.149414056087 -0.737829827578 2.59117420773 -0.0592509648742 0.177015430208 2.53700010986 -0.0389252590204 -0.274888103103 2.38751930146 -0.0359345017891 -0.696688396317
4.004304265 2.62234736197 0.0225894225352 0.407720958403 2.59347721421 0.14749396241 0.191976878045 2.50466231458 0.0943307638597 -0.248603667304 2.68826480847 0.145450899329 -0.741505541059 2.58094227578 -0.061713088182 0.174999690204 2.52506361453 -0.0487149833466 -0.277024106621 2.38660939461 -0.0402168957259 -0.699539039947
4.037349759 2.61124947363 0.0154979778092 0.403909780906 2.58336663194 0.139189054666 0.187328126731 2.4637524613 0.0811233916045 -0.245796128728 2.66599798061 0.141229977085 -0.740867763956 2.57346939241 -0.0702539901127 0.171091895998 2.52142202243 -0.0556792682684 -0.281413283918 2.39099539564 -0.0458575809092 -0.701178094144
4.072523696 2.60217672461 0.0118920198768 0.401634026879 2.57922478983 0.135108900292 0.184226960914 2.4401355202 0.0816851868737 -0.244620398058 2.64246187256 0.144103059577 -0.731253907971 2.56813175113 -0.0743288388206 0.168433910844 2.5170997359 -0.0524625826375 -0.283888640356 2.39560696732 -0.0418220720266 -0.697303355224
4.105154061 2.5938735292 0.0065509306463 0.40371102271 2.57220064865 0.128467410258 0.185411084006 2.39862023565 0.0706808534712 -0.229403647052 2.60697512958 0.139938515775 -0.715428582309 2.56075214614 -0.0810628441989 0.170869011803 2.50874085986 -0.0524549648733 -0.280971617465 2.39274810517 -0.0446039199912 -0.693394531246
4.139064243 2.58360375731 0.00338961419863 0.40150357142 2.56432955894 0.124442860471 0.18248656763 2.35432231929 0.0697564048672 -0.247968929283 2.56299884428 0.138885619866 -0.707481765501 2.55072432155 -0.0850358882353 0.168922225517 2.50321276792 -0.0501522698776 -0.282961709464 2.38930593838 -0.0413017857233 -0.697748644579
4.172782855 2.57617044184 0.00107227286578 0.408480252776 2.55480639892 0.123103698904 0.190223007029 2.31582697411 0.0699702222062 -0.243359397623 2.51166446792 0.138035165801 -0.682116159459 2.53758934278 -0.086082506307 0.176316087852 2.49388929675 -0.0469455284593 -0.275628362228 2.38606157477 -0.0377881257655 -0.68847434067
4.205322567 2.56617166899 -0.00150168566144 0.407661106154 2.54491870957 0.120769159411 0.189510686781 2.28422027832 0.0668250408007 -0.248228864655 2.46213811794 0.13685782934 -0.678607554687 2.5261328051 -0.0882582228277 0.175579237234 2.49445667906 -0.0483664477009 -0.277188056695 2.38597951249 -0.0380437565601 -0.697179418493
4.239153481 2.55691848406 -0.00355944937137 0.402581245124 2.54150561097 0.118673245384 0.183967394875 2.27117171178 0.067040889477 -0.243265132643 2.41412985556 0.132557466838 -0.672454607347 2.52198484175 -0.0902822859156 0.169708799589 2.49383751469 -0.0478618952267 -0.283145512917 2.39265161473 -0.0383263286402 -0.702061706185
4.271249919 2.54759916462 -0.00570342834345 0.404927409727 2.53409498134 0.117143112573 0.186494643775 2.27012686335 0.0757989117622 -0.214510673239 2.35252224193 0.131803837831 -0.658946202338 2.51349950233 -0.0916760091006 0.171618987008 2.48286607806 -0.0451246384689 -0.280704615683 2.38805349797 -0.0375280934243 -0.693704023279
4.303278682 2.53801909678 -0.00580171964415 0.407629959565 2.52589772375 0.118237969242 0.18977801434 2.26624066876 0.0816869971579 -0.198855034574 2.29329324326 0.134929978303 -0.654393799719 2.50588231788 -0.0905443003247 0.17358167673 2.4795489268 -0.0395274063907 -0.278532850569 2.38888185772 -0.0357206715583 -0.694453477006
4.340257145 2.52941926789 -0.00576818618868 0.41436668549 2.51509037707 0.11751332017 0.196231850424 2.26083347246 0.0838826026013 -0.188419650943 2.23970367537 0.132919649621 -0.647767748382 2.49183034619 -0.0910309394649 0.181334169752 2.47225378564 -0.0387280023401 -0.270967546673 2.38257353497 -0.0381725303624 -0.68959261399
4.372610873 2.51898712976 -0.00457355764557 0.413051843438 2.50800638375 0.118116298604 0.194399585796 2.26361518557 0.0863664995379 -0.192790281888 2.19061407156 0.134385854193 -0.6474450583 2.48491871695 -0.0904383668913 0.179708386424 2.47145175957 -0.0334220741948 -0.272228743678 2.38723658575 -0.0382975170488 -0.699288126724
4.405378962 2.50572442152 -0.00195732342229 0.412147442692 2.49198122185 0.122637441828 0.194722703741 2.25387247774 0.0932361536924 -0.194644433113 2.13205669284 0.138357807068 -0.645017536078 2.46947997474 -0.0858771366747 0.178415840595 2.45731013726 -0.029200778331 -0.273655754721 2.37838598973 -0.0344086373579 -0.698143135718
4.442366924 2.49253127735 0.000637063570022 0.406864684756 2.48267601476 0.126288980829 0.189851552618 2.25875474594 0.0965059622754 -0.206626628781 2.09400615096 0.136733262394 -0.647940553048 2.46026460591 -0.0821235007858 0.172151622736 2.45321830802 -0.0269465971941 -0.28021207514 2.38402439572 -0.0345641876308 -0.70421987762
4.472761780 2.47907106863 0.000913710631078 0.406149554755 2.46760936268 0.125442406016 0.188543761892 2.24988925603 0.0952282807848 -0.211005365137 2.05129159767 0.130745419337 -0.64131979068 2.44561348606 -0.0831140254887 0.172031208413 2.44017316252 -0.0332910817571 -0.280971121461 2.3801679985 -0.0385843205095 -0.695147903006
4.506395745 2.46520607262 0.00464980895359 0.408315468721 2.45452244467 0.127903577733 0.189930742336 2.24724980896 0.102707931124 -0.215169906224 2.02264122485 0.13144073341 -0.635777571184 2.43237911168 -0.0807304605148 0.174583716742 2.43119073606 -0.0293588218132 -0.278286914883 2.38084158262 -0.0352603739435 -0.691787065636
4.541465411 2.4514267886 0.00569748354011 0.41286221123 2.4370207503 0.128392099871 0.194398732649 2.23779961263 0.103468600452 -0.214687815847 1.99472705449 0.126877459489 -0.636472231833 2.41456882707 -0.0802770347247 0.179971569028 2.42051082971 -0.0310204401748 -0.273063151288 2.37602495401 -0.0374967769814 -0.688092712006
4.574949151 2.43568776397 0.00827314413033 0.412452967284 2.41865037966 0.130349933394 0.193819896929 2.23012086909 0.106747769939 -0.220282224287 1.97654159728 0.127618855397 -0.644551693843 2.39820090085 -0.0785629377429 0.179970667847 2.41811970585 -0.0273490012039 -0.272271272388 2.3763254661 -0.035790381682 -0.693196228735
4.605961253 2.41971632359 0.0126750086436 0.415540062084 2.40062596189 0.134423277221 0.196884401002 2.22411645074 0.111102575765 -0.222413412559 1.96311922258 0.129338326663 -0.645939583993 2.38208957056 -0.0746776896111 0.183265511573 2.41206623079 -0.0209718414327 -0.268144968414 2.37465847618 -0.0339592682678 -0.690748773881
4.641145806 2.40372240493 0.0163712256057 0.413200002424 2.38783516836 0.137510541029 0.193970644885 2.22322065453 0.115397059474 -0.230167147672 1.95793766617 0.130167012464 -0.655417104022 2.37037543834 -0.0716951734354 0.180560064489 2.40279008496 -0.0173506100945 -0.27072470729 2.37564697996 -0.0340156077155 -0.696688352708
4.671176376 2.38827392141 0.019529703864 0.417122086758 2.37445797489 0.139756295725 0.197249090628 2.21038910744 0.119326661694 -0.227358857741 1.94965654867 0.130242894521 -0.652501912471 2.35830732957 -0.0695939222928 0.184423100151 2.39335527523 -0.0145511490534 -0.266638674099 2.37284353871 -0.0339355513322 -0.689653857547
4.702686647 2.37338646489 0.0264407381228 0.422578562341 2.36053169847 0.147433063418 0.203051601499 2.19641154524 0.131196437622 -0.221787730959 1.9452610299 0.135092045246 -0.650636661951 2.34479657736 -0.0618961646085 0.189391747191 2.38347465128 -0.0069449193252 -0.261407161975 2.36923096906 -0.0289101262931 -0.690296056191
4.739665389 2.35455488784 0.0345068558555 0.421365191571 2.34228483763 0.155784253718 0.201963365911 2.18426794467 0.140261258128 -0.225214978224 1.93832178296 0.137935357769 -0.658127176012 2.32939883612 -0.0537065963811 0.187737461098 2.36853639369 -0.00211963011076 -0.263432406176 2.36565573549 -0.0287167590699 -0.700519248625
4.771213583 2.33743108727 0.0397513379393 0.420819661209 2.3275638726 0.158678990294 0.200021891664 2.17836802082 0.14114375904 -0.230186270029 1.94010121629 0.13220092827 -0.65994407708 2.31180483252 -0.050742881558 0.188123878264 2.34591359732 -0.00440174522188 -0.263982616047 2.36114624787 -0.0339945695185 -0.696576544072
4.805016492 2.32162836037 0.0486723652503 0.431774492205 2.3104964966 0.168099169912 0.211298428355 2.16795760577 0.15402691477 -0.221294676003 1.93697441235 0.137967152137 -0.646796421551 2.29737612661 -0.0414540856806 0.198781264637 2.33430447879 0.0028935345537 -0.253329802408 2.36193435439 -0.0267963759344 -0.683774789155
4.838797330 2.304023364 0.0557918493812 0.434564168688 2.29339711792 0.173709351854 0.213248945876 2.16462555643 0.156875398014 -0.223372651435 1.93779214772 0.134929145497 -0.653551612543 2.27850819884 -0.0358171234312 0.202281837483 2.30885552053 0.000856625431137 -0.250917065496 2.3529568028 -0.0298560059262 -0.690244787917
4.868331897 2.28886125611 0.0623470457629 0.441524063248 2.27417251347 0.178817282947 0.21969637367 2.15050055379 0.162424647278 -0.218539683291 1.93529351072 0.134555616421 -0.648418058443 2.26069766299 -0.0308853613077 0.210215771313 2.28865436196 0.0048791037184 -0.243272368491 2.35093168776 -0.0320105028821 -0.683840666708
4.903627705 2.27195352153 0.0696349856716 0.443439194934 2.25847571531 0.186525019479 0.221738515068 2.14650979988 0.169918208669 -0.219554744316 1.93983596986 0.13786027483 -0.650921126886 2.2434237148 -0.0230590926662 0.211943282273 2.25961674806 0.0103994438347 -0.242172927113 2.34844166612 -0.0287196261032 -0.689100240082
4.939199591 2.25500625391 0.0695136313065 0.442774736921 2.23480311682 0.181497985503 0.219141556123 2.12720341058 0.164200562679 -0.223316727843 1.93596808877 0.124176148074 -0.654033966683 2.22544400532 -0.0285842174557 0.213725208668 2.22583238447 -0.00483578196216 -0.241010174842 2.34176496089 -0.0421201366206 -0.688185054424
4.973684557 2.23584945813 0.0797834812889 0.437392116858 2.21170442587 0.192923453025 0.214740350076 2.12051091813 0.186056891856 -0.231309028089 1.93810107738 0.141075814112 -0.655654091705 2.20292197024 -0.0170465785498 0.208268824721 2.18574588875 0.00932464475137 -0.245888918587 2.32775705658 -0.0233268798163 -0.694384587931
5.005108785 2.22118024427 0.0880574142223 0.439020436122 2.19509453927 0.200947897629 0.216417001053 2.11652849005 0.187165779205 -0.231888740634 1.94476798227 0.138366838967 -0.648895205061 2.18561335489 -0.00906232816295 0.210372114007 2.15191780285 0.00135112705357 -0.243218399432 2.31715358509 -0.0253145171843 -0.684358181795
5.039503378 2.20986187717 0.0934722514929 0.442334106847 2.18549711956 0.205851136911 0.219250242483 2.11820573035 0.189729673916 -0.230902433929 1.95329913516 0.134529788395 -0.645936984445 2.1766409367 -0.00422640073227 0.213553192497 2.12123203898 -0.000687985695883 -0.237865793431 2.30036187532 -0.0283482664552 -0.676972072752
5.072709993 2.19751932978 0.0961462402748 0.440082565269 2.1720569211 0.205954618427 0.215838686017 2.11315102734 0.189270838821 -0.235585139361 1.94983257423 0.129815938991 -0.652882833528 2.16465387203 -0.00424416355518 0.212412992998 2.07981263193 -0.00397801692152 -0.23392901104 2.26862557142 -0.0332117062409 -0.675238984987
5.104335082 2.18820290405 0.100891597899 0.439522479862 2.16484987354 0.208603410923 0.214046308315 2.10856019119 0.191345086484 -0.237820123108 1.95581084134 0.132746945448 -0.651144330097 2.15840972179 -0.00164250025196 0.212396734806 2.05267445352 -0.0011784351805 -0.229718935159 2.2365931222 -0.026770589314 -0.662948217911
5.140366306 2.17503002376 0.109079034254 0.439891058522 2.14820824102 0.218733110538 0.215748548398 2.09274449608 0.198785122384 -0.236174038402 1.94751322221 0.140019787894 -0.647057934872 2.14212550461 0.00849617832662 0.212330174748 2.00797840579 0.00765079259814 -0.221655172349 2.17936069807 -0.0166985167492 -0.653491952997
5.172223193 2.15936437887 0.117433117946 0.416243655127 2.13826183025 0.228218089872 0.192101032443 2.1011235783 0.193306393396 -0.260212246671 1.95342828079 0.141543994802 -0.673453464412 2.13174207749 0.018065258686 0.18750382739 1.98566594213 0.00984671693796 -0.242796173155 2.13530252222 -0.0162866207073 -0.672238495264
5.204813121 2.14391313571 0.113370683261 0.392772764617 2.12484745796 0.220843620432 0.166852256643 2.08600320259 0.17314273312 -0.284292696502 1.94742772069 0.126162014752 -0.675154309069 2.12247761791 0.0105291967473 0.164916474335 1.96573087985 -0.00807622024799 -0.26172413948 2.084711792 -0.0328950371284 -0.664321561387
5.240119964 2.13203565061 0.114048404525 0.38155790346 2.11413648108 0.21910200394 0.154389786831 2.0883610553 0.174968623738 -0.298105266198 1.9497053414 0.130456883959 -0.661924886283 2.11457621858 0.00880424077533 0.15444306891 1.95160473008 -0.00292846024656 -0.270496823187 2.02968146118 -0.0300238079153 -0.643838388057
5.272418799 2.12105075224 0.116696710123 0.374653219689 2.10560544378 0.219568388009 0.146296190238 2.09301166829 0.172508588331 -0.306492368241 1.94920595388 0.131936893111 -0.659864459644 2.10714870406 0.00927448078839 0.148300334963 1.93769174058 0.000150690346503 -0.274398200305 1.97102051578 -0.0342716144077 -0.630296668677
5.305780948 2.11030121058 0.119751632796 0.369556335346 2.09648896075 0.22138869754 0.140508641327 2.08975702118 0.169295243246 -0.312004075036 1.94788357042 0.131915663278 -0.658733778517 2.09672558497 0.0110836857044 0.143744358234 1.90703162251 -0.00540530568203 -0.269559373084 1.9398030903 -0.0316514554856 -0.665878890435
5.341570595 2.10115276324 0.120942753671 0.368069247368 2.08861200054 0.221080807278 0.138271747043 2.08702802677 0.164831427069 -0.313883276438 1.94844498581 0.130493424129 -0.656338272767 2.08841259474 0.010784988215 0.142913532446 1.89943933499 -0.0063239136253 -0.271120197247 1.86847032148 -0.0459728921272 -0.681601711912
5.374778956 2.09142423602 0.122788031962 0.36675580654 2.0782867949 0.222349354556 0.136728404232 2.08063203832 0.161719846569 -0.314913282241 1.945172156 0.131269168943 -0.656285770511 2.07997069142 0.0120603297113 0.141797611917 1.88698875955 -0.00209205437527 -0.270677097314 1.80431580396 -0.0529601845121 -0.682191075868
5.408700873 2.08124088737 0.121365219288 0.365595992871 2.06754460856 0.220875758579 0.135571705409 2.0770128996 0.160140899559 -0.315973266506 1.94387908016 0.128405379403 -0.655071349257 2.07074705958 0.0106002576459 0.140601661911 1.866862806 -0.00419542553562 -0.266515341258 1.75434147711 -0.0587069272212 -0.677488865935
5.441814182 2.07086245863 0.124444374282 0.365742637439 2.05927629095 0.221998836118 0.134770496767 2.07631245631 0.160686642836 -0.316471921159 1.94532987364 0.131541477872 -0.655253666598 2.05838402268 0.0117544633326 0.141812187059 1.8507827249 -0.00050147958852 -0.263632713834 1.70285469545 -0.0567326099645 -0.666056303766
5.472982307 2.05997989529 0.122798460284 0.365461671553 2.04714092071 0.220131405678 0.134465747031 2.06622240627 0.151257955871 -0.315595754946 1.9407534629 0.129295474123 -0.656064013557 2.04576476636 0.00993253473154 0.141727043593 1.83646534997 -0.00195702705986 -0.262941895862 1.66764318281 -0.0597343338471 -0.659470725208
5.510889154 2.04788929395 0.129043746684 0.364855514793 2.04038625757 0.225638598274 0.133310315299 2.06612571057 0.155046316111 -0.316166372267 1.94517091704 0.136485355462 -0.656040714354 2.03112680527 0.0156532842242 0.141557602732 1.81926159078 0.00561475384821 -0.2618580314 1.63851767071 -0.049048729924 -0.655269324279
5.541503029 2.0380731588 0.12395206634 0.367102926338 2.03007903319 0.220790858387 0.135704869151 2.05797049481 0.143052679588 -0.31245818191 1.93972638554 0.126731246107 -0.652570662617 2.02370263596 0.0108199525484 0.143537167966 1.81374589283 -0.00648835955944 -0.260589792145 1.62399427336 -0.0560558137585 -0.651346724545
5.573568249 2.02618084064 0.119800945386 0.367260806935 2.02063202751 0.216503393877 0.135720391523 2.05078007907 0.139273569924 -0.312440485821 1.93852825402 0.126956919197 -0.655449808606 2.01225367771 0.00654482504479 0.143715478453 1.80325944341 -0.00718926096285 -0.261080567835 1.60164698252 -0.0513645773327 -0.646874047244
5.608194921 2.01359846352 0.115781673094 0.368780628543 2.00957882359 0.213168483892 0.137484699091 2.04637236617 0.14031026638 -0.310875131496 1.93525518329 0.128765516183 -0.653487943556 2.00006155556 0.00319423342375 0.14486254167 1.79476871956 -0.00769576759963 -0.261911621852 1.59041488352 -0.0403576987296 -0.6476623971
5.641796900 1.99928634186 0.113415684244 0.369716929894 1.99387216954 0.211376067799 0.138684509593 2.03468669623 0.141613293525 -0.309843167185 1.92850005054 0.131497211341 -0.652335208782 1.98605436291 0.00128855424494 0.145542265363 1.78323783566 -0.00828109323435 -0.262526417143 1.58543937136 -0.0319986548108 -0.652451502359
5.672598854 1.98478295476 0.103590893421 0.368294589369 1.97746899405 0.205604736795 0.139107558737 2.02431880292 0.135442891061 -0.308766774121 1.92536993476 0.128008537123 -0.652781242207 1.97474809795 -0.00471239375277 0.142115259164 1.77641972329 -0.0146699246218 -0.268135858652 1.58678626712 -0.0343355067054 -0.662429778791
5.708367689 1.96719020917 0.0967982720363 0.369083655456 1.95760207368 0.20141363904 0.141175899534 2.00843979609 0.131962363984 -0.306396720677 1.92103424501 0.129808295367 -0.649998023156 1.95674908815 -0.00885159618125 0.141690306967 1.76355815019 -0.0173305353339 -0.271022224983 1.5744095325 -0.0308679294108 -0.665942794852
5.740445131 1.95056228912 0.0937648552457 0.36867322459 1.9401649472 0.199589875038 0.141340316001 2.00233459705 0.12719569422 -0.304202728525 1.92436931959 0.130816135377 -0.6512846565 1.93814203605 -0.0106987132882 0.140811942087 1.75270426607 -0.021027531837 -0.275343169001 1.57089836832 -0.0235389799819 -0.673798800021
5.771493690 1.93266910809 0.0930524176942 0.369989086214 1.92364920769 0.198676102825 0.142485411457 1.99048817098 0.12635549415 -0.3024623896 1.92572821003 0.130624901965 -0.650463311394 1.91768293841 -0.0115717504367 0.142337545192 1.73674700656 -0.0257077662326 -0.275699189488 1.56815467978 -0.0195982628261 -0.679711692775
5.809201703 1.91691071874 0.0878514778523 0.373908516656 1.90646625798 0.193487730992 0.146469605433 1.9775005463 0.118772339449 -0.297463623632 1.92550228978 0.126581215222 -0.645824028337 1.90045360201 -0.0167447129698 0.14634377303 1.72855953647 -0.0334799864009 -0.275329164297 1.57216127015 -0.023670956239 -0.684174231906
5.841693017 1.90006003516 0.0848043883684 0.377512124695 1.88931613448 0.191200161893 0.150437991183 1.96592049365 0.116689670571 -0.292610248576 1.92390231389 0.128591570062 -0.643894823242 1.88127124976 -0.0189909935288 0.149757844955 1.72029684792 -0.0361065884068 -0.276113435704 1.56529028028 -0.0200267229784 -0.685480725223
5.872732287 1.88424305468 0.0802929853597 0.382833777032 1.87641809846 0.186892314223 0.155732838365 1.95845484351 0.110232764486 -0.285973441368 1.92908531262 0.124727819569 -0.643584112299 1.86588664053 -0.0231935551514 0.154900784767 1.71508605586 -0.0409919453767 -0.274636365782 1.56831005154 -0.0202658686091 -0.686845848619
5.909286892 1.86946417804 0.0714139790474 0.388662383565 1.86094317881 0.177079772639 0.161148010564 1.9362975426 0.101324525749 -0.281889711298 1.92626917273 0.118732356344 -0.643530391017 1.85223960493 -0.0330885218142 0.161102327205 1.71018779497 -0.0525658159081 -0.271361598034 1.57398719067 -0.0241797061696 -0.686646528652
5.940684861 1.8537922159 0.0673274575528 0.394085292694 1.84571079468 0.171542943006 0.165887095447 1.92137688703 0.105031868403 -0.278527565427 1.92149780824 0.123546410473 -0.639313698687 1.8347550285 -0.0385233127538 0.16729430122 1.7015712292 -0.0524753629394 -0.268173242409 1.57133861607 -0.0184808919695 -0.685038364627
5.973615328 1.83778956472 0.0603971695848 0.396510461338 1.82720508806 0.16668325589 0.169380235932 1.9002321351 0.101445990563 -0.275726523403 1.91490857015 0.125537780313 -0.63859962419 1.8184788073 -0.0434867819635 0.168842975507 1.69512421006 -0.0545271520625 -0.269587586403 1.57531430525 -0.0176161694192 -0.689298755207
6.009328292 1.82172879085 0.0564940229743 0.397275596016 1.8108489017 0.163999327402 0.17072998168 1.88153462708 0.101520979867 -0.275175642955 1.91368089007 0.129168604661 -0.640124888235 1.80122295867 -0.0461206305956 0.169133581494 1.68646440931 -0.0537443965488 -0.271720061918 1.57419990465 -0.016195477254 -0.693520308731
6.040641894 1.80660771526 0.0522595428403 0.397984452828 1.79689713779 0.159570961945 0.171287299163 1.86202937526 0.101437801225 -0.276019962178 1.91346079878 0.129919580415 -0.638970773657 1.78782392963 -0.0505862903172 0.169791727025 1.68357964949 -0.0572664255777 -0.273662128959 1.57862799312 -0.0164434124963 -0.697064392379
6.073870580 1.79405670998 0.0475748157992 0.398776185943 1.78433904966 0.156327477096 0.172765494706 1.84519772049 0.0993516874583 -0.27531225875 1.90864989193 0.130844199584 -0.636348075322 1.7760841959 -0.0538568145493 0.16988448255 1.68136602802 -0.0597602004935 -0.275727733621 1.58061406497 -0.0159896927377 -0.699915046647
6.109408524 1.78078670216 0.0435310468103 0.397921711981 1.77015900683 0.152796663291 0.172197385781 1.81276312594 0.102844450094 -0.278417425256 1.89742111733 0.131971172499 -0.639260509662 1.76351914147 -0.0574372516335 0.168768882342 1.67557940589 -0.0620545752341 -0.278304982873 1.58038028228 -0.0145416574026 -0.703379157116
6.141022020 1.7695018233 0.0346050905942 0.39804766896 1.75740098327 0.144103745334 0.172509551175 1.77829592333 0.111437653873 -0.280583436346 1.91946681922 0.103029366575 -0.655245148746 1.75431311865 -0.0662040128967 0.168676676778 1.67284127044 -0.0698769348402 -0.279665324378 1.58552164632 -0.0189708339214 -0.70600557981
6.171086115 1.75910193516 0.0301345075782 0.397442390999 1.74753722912 0.138977839352 0.17157153809 1.74671737904 0.123861900061 -0.282608833047 1.92462287015 0.0876863908242 -0.658319203329 1.74698842866 -0.0713313667671 0.168190131417 1.67024665386 -0.0678923328595 -0.280972809964 1.5874358076 -0.0145854318402 -0.707960481861
6.211148086 1.74949916145 0.0227199692076 0.392612836428 1.73903931486 0.130926462312 0.166391347747 1.71261385619 0.121321995128 -0.287115757338 1.91952526423 0.0748337262255 -0.6574696973 1.74119779153 -0.0793817725589 0.163481977028 1.66782184456 -0.0719017182922 -0.286237327425 1.58915283686 -0.0172964698447 -0.713872963754
6.240290502 1.73935658036 0.0195789884246 0.388665028225 1.72942627678 0.126701039428 0.161900370484 1.68008844477 0.124223303879 -0.289875739184 1.90919193457 0.0685681243042 -0.651656182781 1.7330383702 -0.0835969514559 0.159948636028 1.66221707989 -0.0678871896243 -0.289938173536 1.58727499134 -0.0110745605437 -0.717970552071
6.271686516 1.73037098048 0.0170980422564 0.385046195264 1.72194592673 0.123676315601 0.157957893078 1.61696334527 0.122993404344 -0.251728671985 1.86503290789 0.0735223688374 -0.605046279364 1.72553751436 -0.0866383684735 0.156540582525 1.66167872149 -0.064311218091 -0.294072570973 1.58599494243 -0.010096270873 -0.722332363775
6.310955873 1.72302992378 0.0118945040531 0.381954364319 1.71422901463 0.118962748132 0.155108571449 1.56963425125 0.117562535914 -0.221872434293 1.81914959467 0.0717605502131 -0.576961760239 1.72092045355 -0.0912834431111 0.15315230908 1.65806934421 -0.0672118203383 -0.297593462256 1.5966175634 0.00324297102705 -0.725241948693
6.340653378 1.71542726381 0.00979370422294 0.380170365146 1.70606312146 0.117309298642 0.153560353153 1.53598761229 0.117519245209 -0.197536739413 1.77353989718 0.0748842764171 -0.56193583587 1.71568815178 -0.0928022077528 0.151098647879 1.64882399331 -0.0716912015274 -0.299234999341 1.60561064107 0.0307249376544 -0.721281166297
6.371642364 1.70816797335 0.00840745662606 0.375211407436 1.70100304493 0.118326179164 0.149694649083 1.50997556438 0.11913106525 -0.185836692693 1.73304682791 0.0839676237716 -0.56027943713 1.71046839929 -0.0917506751072 0.145092258361 1.64434315873 -0.0781741128839 -0.305613095675 1.60539156168 0.0568231347869 -0.718391394985
6.406510683 1.70026989207 0.00785174352512 0.371936778244 1.69208628466 0.119023053455 0.147061869336 1.51873857046 0.118380151393 -0.234914849882 1.69073701587 0.0784621811885 -0.631592575175 1.70524059848 -0.090832107579 0.14121605686 1.64663366988 -0.0787048509304 -0.310553472741 1.59734879678 0.0665176853223 -0.719666633997
6.441734697 1.69268296652 0.00844626197484 0.369404487997 1.68434762457 0.120245894902 0.14484745074 1.51245648359 0.124249040061 -0.25748169082 1.64294325082 0.0907000732593 -0.669976615928 1.70028660326 -0.0893763304879 0.138389506454 1.64794867254 -0.0651071745912 -0.313511973665 1.59099667426 0.0401252974875 -0.732354721016
6.473246296 1.68551499985 0.00432702635585 0.365850193037 1.67538009369 0.118289143517 0.142461131141 1.49534476291 0.122624450228 -0.266278136754 1.58728877699 0.119221688898 -0.689631318725 1.69506442435 -0.0909426109616 0.133846312745 1.64657876217 -0.0595403613858 -0.318105138799 1.58877318318 0.0247431939832 -0.742383643512
6.507959779 1.67852546844 0.0104018126173 0.363907164512 1.67117120106 0.124636234991 0.140551860102 1.48459495459 0.133007604712 -0.270175741311 1.52862116328 0.144532470409 -0.700593932817 1.68933429175 -0.0847073414822 0.131896092704 1.64713181255 -0.0480860517981 -0.320321540977 1.58362254244 0.0216604647977 -0.747093097249
6.538967762 1.66957890594 0.0170054479677 0.362534669298 1.66253298597 0.132425006362 0.139766720323 1.46143504038 0.137354840197 -0.266400692861 1.46966530805 0.157432186713 -0.699856838819 1.68163357239 -0.0768185224174 0.13004985329 1.6415036153 -0.0441121650009 -0.322722246622 1.58238854194 0.0142236125781 -0.752273573673
6.570743287 1.66085380539 0.0132486848853 0.357990725517 1.65133046715 0.129578743289 0.135784248044 1.44319360419 0.130397375732 -0.268216574343 1.40732024619 0.148613918767 -0.700259930125 1.67556605757 -0.0790993445703 0.12506357797 1.63779195109 -0.0511987112274 -0.328255649736 1.5847116878 -0.000344513196424 -0.759833030449
6.607907386 1.65165076174 0.0192568126255 0.352912146041 1.64251206717 0.135517416341 0.130668695109 1.43050580186 0.142494970118 -0.27196045474 1.35741089724 0.161892650845 -0.69982712961 1.66958042034 -0.0727625898234 0.120095231426 1.63573927382 -0.0383235013295 -0.333064174911 1.58387375809 0.00427329683607 -0.765856159695
6.640765360 1.64045017437 0.0227398323202 0.349358048999 1.63208442637 0.140446195787 0.127838029676 1.41662578034 0.145600586248 -0.273382370309 1.31878018373 0.157537406407 -0.697706138102 1.65833148598 -0.0678900420316 0.115985027995 1.62759826381 -0.0378721457351 -0.337731198231 1.57987753088 0.00181724654308 -0.77141431152
6.676332289 1.62823823659 0.0252720330993 0.345434296249 1.61843584256 0.143389657616 0.124182821632 1.40238576859 0.147894875983 -0.276947961313 1.29495584604 0.154084270189 -0.700305232719 1.64662772362 -0.0646900804443 0.111833535951 1.62391598652 -0.0353471081439 -0.342370466931 1.5792140679 -0.000686391300468 -0.776864809571
6.709032914 1.61619072257 0.0293516530766 0.341708968187 1.60696547442 0.148919476934 0.121212755732 1.39531822673 0.152561659105 -0.282345548878 1.28833765886 0.154087801177 -0.70659640714 1.63575695964 -0.0590077549573 0.107592471755 1.61811993287 -0.0308945918973 -0.346941887292 1.58281449874 0.00283112375573 -0.782340408734
6.740601223 1.60324917422 0.0295794383339 0.336484040138 1.58946679836 0.148948907897 0.116115636781 1.38582320012 0.15196506661 -0.291516320886 1.27905677533 0.144554121457 -0.716059874026 1.6250737084 -0.0579107711888 0.102238430797 1.61407658083 -0.0319252502125 -0.352621651493 1.58441862235 -0.00299205341173 -0.788808432205
6.776467276 1.58891758044 0.0391072272591 0.332179466316 1.57515327074 0.158676150242 0.11194126614 1.38442333106 0.165998630804 -0.30165346174 1.2789148831 0.147041486658 -0.726238706513 1.6092135494 -0.0483152178741 0.0977929476725 1.60391892497 -0.0191032393363 -0.356974946701 1.57976684923 0.00273272388921 -0.793895695391
6.809504600 1.57518292903 0.0447844343467 0.329071087811 1.56046451898 0.163733866063 0.108544347438 1.37927865163 0.165377548674 -0.309384094698 1.27360848184 0.140776879764 -0.733803628427 1.59807679972 -0.0427389800951 0.094947712701 1.60292488812 -0.0171118794622 -0.359961942562 1.58357203563 -0.00369833627606 -0.797437091204
6.840851097 1.56173881918 0.0487448341825 0.328117859606 1.54583205551 0.16735508917 0.10748827936 1.37431999937 0.169504712467 -0.314539166816 1.27535005802 0.13501039141 -0.739834884824 1.58695873898 -0.0384680477284 0.0941150814207 1.59401947055 -0.0119387630647 -0.360795161803 1.58687784386 -0.0108723162902 -0.798595245437
6.878908380 1.54779580044 0.0564917388386 0.328901663263 1.53179504019 0.176582164684 0.10908826073 1.37256702507 0.178515722874 -0.317672339088 1.27164264065 0.138173509506 -0.742091829214 1.57531649211 -0.0286598343434 0.0944062771391 1.58596021965 0.00136267332024 -0.360236355345 1.59089981556 -0.00982512992393 -0.797806930132
6.909633511 1.53410265675 0.0678686569248 0.332531169127 1.51846737552 0.187583412726 0.112480231682 1.37079576778 0.182499526792 -0.318333160219 1.27677530823 0.142116613076 -0.744366994552 1.55991656478 -0.0181225812639 0.0981420667383 1.56730103499 0.00604945246803 -0.356901447939 1.60075530788 -0.0107782788042 -0.792344136744
6.941382496 1.52045126432 0.077786720489 0.33557785013 1.50471564106 0.1976412388 0.115603664763 1.37043783119 0.188566831996 -0.319461149627 1.27387654032 0.133630899914 -0.743106119646 1.54500467426 -0.00829848404543 0.101081727225 1.55177990513 0.0119472073454 -0.354188805477 1.60833764626 -0.0215307991705 -0.785947375044
6.978159612 1.50736883884 0.0853814829204 0.335544450919 1.4923310951 0.203053165355 0.114351894458 1.37106294154 0.186946579776 -0.324272736395 1.27501506623 0.134707823652 -0.74853654375 1.53385841736 -0.0027988435151 0.102044918192 1.53719898142 0.010222619752 -0.353487702114 1.62031741711 -0.0256597968382 -0.780678986431
7.008142134 1.49544179037 0.092361617943 0.329860534769 1.48083056549 0.207039390201 0.10708747137 1.36742764576 0.188901385148 -0.333718340718 1.2799216597 0.130457917968 -0.758976808355 1.52369237064 0.00131015368122 0.0976872895186 1.5177210649 0.00890785952301 -0.357864034376 1.62389237431 -0.0267405084228 -0.780118147512
7.040992916 1.48523791409 0.0936297536798 0.325994117171 1.46932884898 0.202458949394 0.100457752876 1.36430349683 0.181206335831 -0.342345587543 1.27995987673 0.11916191286 -0.767816835351 1.51410229332 -0.00302152798754 0.0962345659559 1.49800784061 -0.00116019591904 -0.359071298391 1.62495650595 -0.0347231495489 -0.775924303764
7.078616703 1.47494822595 0.0936645974755 0.32186610321 1.45723778057 0.196998944043 0.0939204742911 1.35069615165 0.1867378868 -0.349166338342 1.30820821799 0.155483748189 -0.784280684231 1.50563379765 -0.00764242491594 0.0943872154707 1.4765144267 -0.000658836847098 -0.360124503133 1.62329308489 -0.0375156933482 -0.770253765428
7.108186052 1.46601645701 0.0905085664373 0.317010667268 1.44578808347 0.186547791146 0.08617314086 1.34554340678 0.186910093825 -0.358498899981 1.32433909822 0.171312878486 -0.796007305983 1.49634964742 -0.0174257150725 0.0926243101203 1.45163943779 -0.00387314683454 -0.360320029437 1.61594998932 -0.0429711455834 -0.763709487966
7.141462020 1.45882284021 0.0916105297597 0.314496289395 1.43741650616 0.179774582295 0.0806857143352 1.34174561598 0.197455581584 -0.364642135543 1.33116713102 0.189675055667 -0.802744940927 1.4912722796 -0.0229985162392 0.0937912294053 1.43520962224 0.000611968901832 -0.357460838228 1.60131840292 -0.0410998271053 -0.760370017718
7.173688362 1.45148434106 0.0882403627282 0.311624612249 1.42536597867 0.173686540594 0.0772167034235 1.33473814323 0.200598072934 -0.3687033891 1.32945603014 0.1967136236 -0.806953980052 1.48466974841 -0.0274240051219 0.0915083557086 1.40902054624 -0.00144973274952 -0.356552783046 1.56861931447 -0.0450613462941 -0.762090112451
7.207411725 1.44430501417 0.0867242612228 0.308581486765 1.41357996808 0.170516972155 0.0740866960568 1.33433832544 0.206125949273 -0.373389727964 1.33169866113 0.204185326784 -0.811677010751 1.47725165352 -0.0292722379365 0.0885525266335 1.38629362779 -0.0044898209604 -0.356799769878 1.52883782996 -0.0533827814822 -0.767789429216
7.241682843 1.43654096563 0.0839158907238 0.302928286524 1.40303943354 0.166856716153 0.0684696540859 1.33831021735 0.20727708691 -0.380928438843 1.33699012951 0.20630720291 -0.819224942786 1.46941985588 -0.0321023371999 0.0828566783261 1.36805121493 -0.0134932620683 -0.360688924061 1.47695695003 -0.0608558838861 -0.780858330444
7.277242089 1.43127998217 0.0803151023562 0.300109427675 1.39477674411 0.162639202282 0.065852817371 1.34182301273 0.20976126119 -0.384433456629 1.34116234693 0.209276426 -0.82273228233 1.46477434815 -0.0351634886022 0.0798162443403 1.35400766769 -0.0232719315121 -0.361795104165 1.41854936676 -0.0719496233621 -0.789365501154
7.308456660 1.42236479846 0.0809381546309 0.294585778781 1.38506933059 0.160731787474 0.059573724 1.33867087609 0.213462299416 -0.390813938214 1.33833979924 0.213219912336 -0.829113314443 1.45702323712 -0.0362402268209 0.0753666725919 1.29155836545 -0.0210838750735 -0.349102461446 1.32408688187 -0.0456176148427 -0.785504253296
7.338952716 1.41450333399 0.0804435349948 0.290205528117 1.37692832898 0.158698432375 0.0547086568577 1.34024763368 0.214817911287 -0.396165506506 1.34008122924 0.214696740632 -0.83446500541 1.45001382981 -0.03778256519 0.0716730490469 1.24864239858 -0.0222250334604 -0.336970864598 1.26485848664 -0.0344562303804 -0.774799567964
7.377727746 1.41049857593 0.0802586371668 0.290750952984 1.37311766173 0.15885614848 0.0553276283746 1.34428168115 0.218018823322 -0.39572744149 1.34419767395 0.217958230362 -0.834027032249 1.44779105018 -0.0370749622707 0.0720239483249 1.22851634117 -0.0238614313164 -0.327383632467 1.23660520815 -0.0299631853568 -0.765566065747
7.409713978 1.406321466 0.0812545400974 0.29558333527 1.36882665677 0.161284355375 0.0606594465045 1.3399463617 0.221380074487 -0.3902693262 1.33990349208 0.221349785633 -0.828568886593 1.44485916993 -0.0342382230096 0.0760918454469 1.21014859906 -0.0262387074946 -0.314586110165 1.21418679532 -0.0292855199778 -0.752856510743
7.439045242 1.40214679841 0.081925781782 0.300345771259 1.36463001082 0.164343406732 0.0662562484186 1.34076131797 0.22236571896 -0.385236919526 1.34073907818 0.22235058216 -0.823536418959 1.44063322037 -0.0313419563363 0.0796929199296 1.19518966366 -0.0293966794645 -0.304411281048 1.197206614 -0.0309189937569 -0.742703555305
7.477467371 1.39790267464 0.0814338304625 0.304440421858 1.35978297678 0.166132008923 0.0712751566037 1.33836400027 0.221121065989 -0.38072015657 1.33835213643 0.221113497586 -0.819019686558 1.43828300148 -0.0287043726535 0.0825567896464 1.1843879439 -0.0313559991555 -0.29600978263 1.18539524787 -0.0321168768794 -0.734307515825
7.509228369 1.39550330585 0.0751000508971 0.310431946785 1.35465911064 0.165050798085 0.0797825301611 1.33567544354 0.217851280723 -0.372582451381 1.33566870664 0.217847496519 -0.810881981389 1.43738127779 -0.0282492825819 0.0856561887106 1.17635930319 -0.0357826090755 -0.287965502651 1.17686196708 -0.0361629783228 -0.726264637801
7.540834253 1.39054716687 0.068908931618 0.314526783105 1.34654964613 0.162225283068 0.0858219581422 1.33227740495 0.214787929008 -0.366743907405 1.33227335358 0.214786036903 -0.80504346794 1.43333600063 -0.0292529442916 0.0876271813529 1.16510189358 -0.0386127857717 -0.280809028195 1.16535235951 -0.0388029551398 -0.719108528629
7.577701742 1.38564265727 0.0634434366129 0.317614172947 1.33982860052 0.161002647907 0.0910570292168 1.33194380075 0.216402689135 -0.361326639334 1.33194097009 0.21640174308 -0.799626230391 1.42919721022 -0.0292571842714 0.0885837395243 1.15893038973 -0.0375380289304 -0.278389785555 1.15905487875 -0.0376331098025 -0.716689316044
7.608313663 1.3805444192 0.0577060864956 0.319642267846 1.33374597797 0.160282212356 0.095524107834 1.33319760451 0.215442458145 -0.356957289692 1.33319538419 0.215441985114 -0.795256850233 1.42403815275 -0.0294420996908 0.0884391204131 1.15118100802 -0.0379170284953 -0.276608171396 1.15124250858 -0.0379645670268 -0.714907732172
7.640555440 1.37244422421 0.0508500653784 0.319522241447 1.32392885797 0.15719076089 0.09751562949 1.32631335745 0.208772282101 -0.355381702881 1.32631138128 0.208772053212 -0.793681263423 1.4160393741 -0.0314927615488 0.0865658892962 1.14597423303 -0.0450099011671 -0.28040075481 1.1460041173 -0.045033670436 -0.718700315469
7.677663528 1.36329641838 0.0433615407182 0.31783804043 1.31355008866 0.153671038929 0.0980440489611 1.32327150473 0.204586586723 -0.354830666317 1.32326965063 0.204586464646 -0.79313022686 1.4073283113 -0.0339431185586 0.08323633145 1.14203441551 -0.0520974362383 -0.286995955182 1.14204855266 -0.0521093189683 -0.725295515784
7.710069848 1.35411468327 0.0343634334139 0.31635025067 1.30409429926 0.14838604631 0.0985176402127 1.32050090257 0.197507886971 -0.354362333386 1.32049904847 0.197507825929 -0.792661893929 1.40002167499 -0.0378649555475 0.0804892727175 1.13754505286 -0.0612484384464 -0.291453732881 1.13755137749 -0.0612543779069 -0.729753323971
7.742850511 1.34643905097 0.0250070514599 0.314310178767 1.29644234483 0.141135331558 0.0975585466159 1.31917597969 0.188983971582 -0.355184288968 1.31917436973 0.188983941058 -0.793483849512 1.39466609611 -0.0437536394653 0.0778500559395 1.13530727773 -0.0706869690052 -0.296034992971 1.13530957403 -0.0706899368312 -0.734334492495
7.777990857 1.3363479882 0.0133396855587 0.303100315931 1.2851504673 0.135838140422 0.0902427769361 1.31099969953 0.184854165548 -0.362207910058 1.31099808957 0.184854135024 -0.80050750112 1.38371476945 -0.0481560654035 0.0645408768056 1.1277387596 -0.076247505534 -0.311583457602 1.12773910277 -0.0762489856352 -0.749882987636
7.807873159 1.32721860858 0.00165118213775 0.295472785989 1.27522701665 0.126934554777 0.0844063570882 1.3072552202 0.171460932799 -0.368113230776 1.30725361024 0.171460917534 -0.806412760803 1.37602396903 -0.0553942490184 0.0560724907489 1.122803589 -0.0888759416307 -0.3214732405 1.1228029556 -0.0888766816843 -0.759772801047
7.847061083 1.32057386374 -0.0122282997436 0.289910920748 1.26623412169 0.118695263931 0.082960863998 1.30499119821 0.166493166304 -0.368697908739 1.30498958825 0.166493151039 -0.806997469283 1.36999710767 -0.0609959099503 0.0488678925255 1.12517331907 -0.0957727911416 -0.334060590513 1.12517219739 -0.0957731573566 -0.772360151059
7.875299701 1.31361612725 -0.0223604244525 0.287177914079 1.25883827132 0.111573044382 0.082279799856 1.30112378642 0.160887622313 -0.368899066409 1.30112217646 0.160887607048 -0.807198626952 1.36780899919 -0.0644688069342 0.0459050099379 1.13093442645 -0.103065265707 -0.341629672954 1.13093306063 -0.103065448818 -0.779929202981
7.905548314 1.30602777992 -0.0315664803107 0.286568200741 1.25120231414 0.10420033567 0.0828411834954 1.29596512307 0.154116637788 -0.368032409276 1.29596351311 0.154116637782 -0.806331908785 1.36274456354 -0.0699247428953 0.0452063133307 1.13125257021 -0.114168238477 -0.344968388722 1.13125108231 -0.114168330035 -0.783267949266
7.944641675 1.30060960527 -0.0420923905632 0.28645359662 1.24606575408 0.0946316064747 0.0832421880809 1.29186615437 0.146600127981 -0.367295211602 1.2918645444 0.146600127975 -0.805594772146 1.36096859076 -0.0773456936328 0.0454599667049 1.13776833424 -0.123155763371 -0.349338011044 1.13776684635 -0.123155809153 -0.787637602106
7.975343619 1.29384816814 -0.0525920835207 0.286156960079 1.2401777301 0.083287880623 0.0821200631025 1.28826253807 0.140529970091 -0.36753933899 1.28826092811 0.140529970085 -0.805838838499 1.35816455116 -0.0869880226582 0.0460407112578 1.14177775157 -0.131386095324 -0.352692182266 1.1417761416 -0.131386125847 -0.79099174281
8.007854071 1.28998785349 -0.0612930521378 0.287505637589 1.23997536963 0.0759147338226 0.0834883194612 1.29174264535 0.142272353479 -0.364506270719 1.29174103539 0.142272353473 -0.802805770228 1.36156887799 -0.092161731467 0.0490227238995 1.15425566094 -0.134530351858 -0.354720365307 1.15425405097 -0.134530351864 -0.793019925851
8.044284502 1.28923838963 -0.071712129903 0.290114404991 1.24005951911 0.0691323015755 0.0884200208124 1.28850683177 0.140445986613 -0.359184237349 1.2885052218 0.140445986607 -0.797483736857 1.36544426955 -0.0957742050248 0.0523108566372 1.15627533954 -0.137258631182 -0.35056595378 1.15627372958 -0.137258631188 -0.788865453289
8.076966970 1.2866305224 -0.0814032176683 0.292110142109 1.2374177146 0.060960474092 0.0914623889148 1.28045217865 0.133823734126 -0.356445316161 1.28045056869 0.13382373412 -0.794744876705 1.36700167102 -0.100610335168 0.0552116687877 1.15743113982 -0.144402639388 -0.347211954119 1.15742952986 -0.144402639394 -0.785511453628
8.108922124 1.28595222045 -0.0908557195496 0.294302588449 1.23640469543 0.0520558149143 0.0940898187835 1.2790935591 0.131219206431 -0.352780607801 1.27909194914 0.131219206425 -0.791080137827 1.36954088898 -0.106674595861 0.0582369737918 1.16056251571 -0.149476953448 -0.344600881637 1.16056090574 -0.149476953453 -0.782900442181
8.144676645 1.28159288845 -0.0977315442782 0.299132957245 1.23508918706 0.0424156390311 0.0962603558423 1.27716743189 0.129243674453 -0.349242392718 1.27716582193 0.129243674447 -0.787541922744 1.36839580852 -0.117058755341 0.0644985136426 1.15863763511 -0.155788834908 -0.338346144342 1.15863602514 -0.155788834914 -0.776645735403
8.176256129 1.2782348904 -0.104437840182 0.301730961523 1.23465098973 0.0329162363289 0.0963150144344 1.27548360553 0.127658875177 -0.347688248349 1.27548199557 0.127658875171 -0.785987839411 1.36802305813 -0.127269617916 0.068538584592 1.16447100914 -0.155767985233 -0.338323552243 1.16446939917 -0.155767985239 -0.776623112787
8.208942020 1.27499028757 -0.109024628834 0.304245591361 1.23431507563 0.0286436444578 0.0984136027045 1.27352266605 0.132097237725 -0.34378824725 1.27352105609 0.132097237719 -0.782087807794 1.36711244455 -0.132257292159 0.0719783614966 1.16650895881 -0.150512118373 -0.336931652991 1.16650734885 -0.150512118379 -0.775231213535
