0.959912410 3.48573141868 -0.00718564437477 0.317876692045 3.46773235883 0.118703838767 0.101528964577 3.37087777422 0.0992634729295 -0.341865348238 3.31184119825 0.149156330112 -0.811411090861 3.46307387741 -0.0906334433604 0.0822880759299 3.40983997714 -0.0739735742021 -0.369998303852 3.3478410444 -0.0666663678548 -0.803255400339
0.993165069 3.48553144994 -0.0116780605375 0.308602614411 3.47323209347 0.115815072653 0.0928632797029 3.34648839774 0.091203546001 -0.342352868514 3.30911218555 0.144795083516 -0.818165780544 3.46964928908 -0.093428638629 0.0719292108347 3.41606260306 -0.0760660501244 -0.380348210742 3.34987447595 -0.0694984679295 -0.810366674898
1.028085789 3.4899465173 -0.0163199996957 0.311664121631 3.4751996498 0.112264535141 0.096670904922 3.33519400838 0.0863603267189 -0.335151899293 3.29490057891 0.141310061221 -0.804421587716 3.47320082531 -0.0969006180761 0.0745980362902 3.4170287001 -0.0820616138975 -0.377470986507 3.34532888155 -0.0708005705029 -0.795361836423
1.060035374 3.49181640542 -0.019810904311 0.312276053239 3.47613496551 0.11030028992 0.0982402374239 3.3211899069 0.0797629089459 -0.328434562696 3.28709438497 0.144106526077 -0.812948719687 3.47367763907 -0.0987139708169 0.0747220579763 3.43618248844 -0.0777044573601 -0.378628039285 3.343261482 -0.0708161802087 -0.799933423068
1.093312757 3.49161327712 -0.0211149917424 0.310074393829 3.47473725521 0.110548530025 0.0970668416791 3.30768649286 0.0817224998481 -0.325405826572 3.28145789829 0.14264271448 -0.817699553475 3.4724791413 -0.0983000958247 0.0720216229255 3.42696226506 -0.0775103841722 -0.380757766159 3.33836423751 -0.0681797769937 -0.804837946095
1.125126573 3.49154760532 -0.0190837858526 0.312658531033 3.47361103518 0.113766398508 0.100467572134 3.30096360939 0.0826504841868 -0.319871317014 3.27101285176 0.145288595913 -0.809111014132 3.4709832877 -0.0949430075082 0.0742914953634 3.41502549494 -0.0733653627107 -0.377305573876 3.34204759175 -0.0635177074947 -0.798913887359
1.160213721 3.48820776096 -0.0201376463871 0.311437199307 3.46708296013 0.112228448809 0.0992342434521 3.28539137989 0.0758025800019 -0.316884595996 3.25571208081 0.139362743201 -0.812233394452 3.46756605332 -0.0965236856488 0.0732426034966 3.41097176968 -0.0703024656136 -0.378140916652 3.34091332456 -0.0670998268344 -0.799733280165
1.193083309 3.48614380518 -0.0230543066479 0.310988537455 3.46512276687 0.107332430256 0.0975552955742 3.28822925067 0.0768925409875 -0.321197869359 3.24495577308 0.13704454268 -0.803681352989 3.46451211839 -0.101648162809 0.0736030883473 3.40237803262 -0.0725993187744 -0.376914505691 3.34010279449 -0.070908255715 -0.798965393887
1.226098164 3.48472437684 -0.0237051888607 0.311767809026 3.46280075442 0.104321633763 0.0970043244892 3.27958642713 0.0790297544188 -0.319406577847 3.22815353551 0.139178636235 -0.799226579357 3.46276872838 -0.104909048729 0.0752954623049 3.40314901537 -0.0669126170288 -0.374861926735 3.33819898277 -0.0704509262823 -0.79935833123
1.260225012 3.48065063993 -0.023260682874 0.310459901626 3.46253732086 0.103599510603 0.0946974406912 3.28114620521 0.0854177453778 -0.322921048908 3.20684935475 0.138552993406 -0.794826110477 3.46475578707 -0.105719756152 0.0739787435802 3.39893416597 -0.0656789060093 -0.375166781859 3.34341135737 -0.0677539237988 -0.804216687778
1.293196287 3.47624317382 -0.0198772247136 0.315093188079 3.45279441215 0.104019587425 0.0981683474506 3.27808393493 0.0898192310167 -0.322445024476 3.1694052834 0.140505385773 -0.787309005164 3.45594648279 -0.10553090759 0.0801282357775 3.38963120535 -0.0642813419144 -0.368897246955 3.33206811761 -0.0648329754746 -0.795316194452
1.326748561 3.46977341244 -0.0161178757671 0.309374522879 3.44800043062 0.10816378826 0.0924534755335 3.2862811295 0.0983297210266 -0.333278611716 3.14615134979 0.141123617007 -0.794137410959 3.45256363214 -0.101313779818 0.073958707798 3.39489092368 -0.0585744935233 -0.376065753824 3.33842546781 -0.0588620506334 -0.8088573555
1.359639240 3.46364351192 -0.011285394011 0.309385409653 3.44484367284 0.113405880242 0.0923882405468 3.28380089316 0.101106407168 -0.333695350652 3.12449756775 0.139262010979 -0.788771120482 3.44483119117 -0.0961371953671 0.0739373128609 3.38357352086 -0.0526491124259 -0.375585914889 3.3340050701 -0.0578039690311 -0.804413247466
1.393865121 3.45981615427 -0.00775380711751 0.322426622443 3.43248629264 0.115048023876 0.105375773731 3.26799820085 0.103860255371 -0.319491068973 3.1000677168 0.132695774392 -0.773368686996 3.43500946104 -0.0945667434683 0.0883608718875 3.38955550723 -0.0545271345813 -0.36309667905 3.32648733507 -0.0649136539329 -0.787771618289
1.425424859 3.45092403796 -0.0013868430149 0.321587116531 3.42595745716 0.120865138567 0.103872028792 3.26872398058 0.113280530864 -0.323778150496 3.09406765257 0.135350171298 -0.78820203898 3.42594205482 -0.088840626262 0.0877135815854 3.39288434879 -0.0521999853604 -0.365089214471 3.32498482071 -0.0619841169104 -0.804704657203
1.462097027 3.43916226393 0.0112934297532 0.319219178777 3.42123962109 0.136619897238 0.102576513895 3.26187626405 0.129119708592 -0.324349048195 3.09030078069 0.145974058829 -0.784703978269 3.41456502944 -0.0727959521707 0.0840887454457 3.38632155166 -0.0422861682192 -0.369600573421 3.32163639143 -0.0523537275985 -0.806128656135
1.493322999 3.42832386186 0.0172967192186 0.318914378501 3.41078525736 0.13931109724 0.10035900774 3.24701619463 0.118841974565 -0.324279932331 3.07960112071 0.132946019649 -0.784921956545 3.40399056065 -0.0702549448703 0.0850243769392 3.37374588985 -0.0476631751667 -0.369046633185 3.31987937961 -0.0661076479319 -0.801301440208
1.527034927 3.41575619157 0.0253836309865 0.315204036481 3.40291387722 0.145977648527 0.0955254184889 3.24095340777 0.124849558801 -0.329901553128 3.07768360915 0.137503049959 -0.788831007119 3.39404789692 -0.063657901161 0.0816076043785 3.36616182247 -0.0276607806916 -0.371641392925 3.31980927337 -0.059931657131 -0.805438219736
1.561817085 3.40365239757 0.0328511177311 0.313351633431 3.39648147076 0.152484445579 0.0929334163595 3.23623999454 0.130910294357 -0.33318574602 3.07953712958 0.14088205457 -0.784142659435 3.38827809099 -0.0572520996007 0.0796997428816 3.35283001093 -0.0225772305715 -0.373210039023 3.32422528164 -0.0583906977643 -0.805897708613
1.593980519 3.39170806209 0.037397811528 0.318022209531 3.37716995599 0.153151488901 0.0959625858054 3.21532226835 0.134804321525 -0.329721405269 3.06729522643 0.134319830038 -0.779757848843 3.3707151264 -0.0568789112444 0.0865221187954 3.3207055437 -0.0266616552882 -0.365182180545 3.30908202206 -0.0630427995923 -0.796676156406
1.626768674 3.37542311316 0.0466187142345 0.317220999818 3.35933105593 0.160258799474 0.0941181536506 3.21348306836 0.151466805614 -0.33719661824 3.06937258551 0.142423673728 -0.780772688016 3.35051197665 -0.0497490339776 0.0869148779422 3.29728605544 -0.0103919754588 -0.363795314735 3.30000164631 -0.0571236930842 -0.805316320806
1.658963606 3.36184959234 0.0543389249964 0.315549968133 3.35121822939 0.166771754903 0.0914931681917 3.2079403101 0.156942935768 -0.340881595439 3.08293875318 0.138555788379 -0.783128755914 3.3401330406 -0.0431681509284 0.0853832845963 3.27722621284 -0.00297636158159 -0.364042250329 3.30705458622 -0.0551356911031 -0.813837464877
1.695850114 3.35003195116 0.0613450804708 0.318683892157 3.33293819074 0.172000951063 0.0941753489855 3.19371229099 0.156182171835 -0.339402691858 3.07592169398 0.141231620147 -0.772110419592 3.32268455223 -0.0380388281184 0.0899564535465 3.23310268455 0.00529026101167 -0.35390655969 3.29188199668 -0.0557310761198 -0.809565314419
1.728719143 3.34032175871 0.0684693924901 0.32924584799 3.31630783884 0.176868825157 0.104269282142 3.19430141418 0.158280501636 -0.334074416434 3.07984164224 0.142340307642 -0.763817831452 3.30977198164 -0.0333603934932 0.102003253907 3.19650239235 0.00940583015408 -0.33628670479 3.28561980845 -0.0527704706126 -0.801487837803
1.761571899 3.33181295799 0.0726472481985 0.330249541354 3.30895895074 0.180455132391 0.104821066949 3.21115488404 0.16560531635 -0.339207229805 3.0882481066 0.14183769875 -0.772428213893 3.30546801621 -0.0298235936593 0.102722019716 3.16304122172 0.0166112164302 -0.326083914644 3.27387394201 -0.0496999838198 -0.802997987529
1.793368813 3.3232660748 0.0759423675609 0.331315368647 3.30461958949 0.181845176877 0.104636680422 3.21657308573 0.166109761301 -0.341752720899 3.09100834073 0.141463761745 -0.778186891024 3.30417846513 -0.0284792723767 0.103986596596 3.14702488146 0.0177770015625 -0.320247460549 3.24649653729 -0.0483030468765 -0.791614097904
1.826890078 3.31602291971 0.0813024788948 0.3391172141 3.29059104079 0.184994386822 0.112074445575 3.20575353093 0.165910441773 -0.335071162602 3.08269976705 0.143119172511 -0.771067109528 3.29427541051 -0.025293714194 0.113038177162 3.11036304651 0.0313919124436 -0.298387401566 3.20761984158 -0.0407060217098 -0.780401430688
1.860632876 3.30959542822 0.0889707978757 0.346444203042 3.27950608005 0.192914817296 0.12004805807 3.2150289297 0.168858489149 -0.329905730364 3.08113921269 0.14791778128 -0.768305201941 3.28726808304 -0.0172437426035 0.120202875753 3.09937157384 0.0451405960536 -0.289427278185 3.17667719102 -0.0343945432664 -0.780517405896
1.893313825 3.30150338487 0.0947109338624 0.351548877541 3.26581052531 0.198028780661 0.125680020608 3.21662247429 0.162823689705 -0.325396641979 3.07226762546 0.14514296842 -0.772496880779 3.27679225412 -0.0119826250012 0.125780505175 3.08629688882 0.0446598961721 -0.283916457454 3.13185249419 -0.0359130871281 -0.779257841832
1.928054498 3.29160516597 0.0991509152045 0.349037103596 3.25787886085 0.201028064881 0.122190151061 3.22375479456 0.159491333701 -0.329803345423 3.07487621687 0.144017413426 -0.787550357158 3.27015893396 -0.00892013220061 0.123566753906 3.07776489506 0.0459174942269 -0.285744703702 3.09295454401 -0.0334946356479 -0.777103280007
1.960145159 3.28187737313 0.101802338213 0.349063872727 3.2461278747 0.204161169911 0.122713753795 3.21473233565 0.159277891136 -0.329465787868 3.07031543679 0.143006364569 -0.785586351148 3.26122727985 -0.0056312488974 0.123184462495 3.07548877077 0.0419074570271 -0.290093297636 3.0451413204 -0.0265951874048 -0.767803055551
1.992478794 3.27237345308 0.104215167988 0.347720432295 3.23969182357 0.20686099063 0.121065324677 3.21484074137 0.155808729547 -0.330951994321 3.07542895572 0.144186559133 -0.786163030087 3.25754464458 -0.00271626007841 0.121175061349 3.06896264433 0.0416423764452 -0.291281109358 2.99992378898 -0.0234658635994 -0.765252352348
2.027963473 3.26144471673 0.106319803137 0.342904707057 3.23458095485 0.209369699884 0.115712117742 3.21154994989 0.155953843802 -0.336250718805 3.07541526367 0.144735921266 -0.791107915291 3.25216912788 -0.000229181725971 0.11592677482 3.06000461709 0.0431792278484 -0.295034555457 2.94710054161 -0.0212070816473 -0.764402548942
2.061431032 3.2507977366 0.108421372305 0.34297197639 3.22606702955 0.211839379915 0.115653707853 3.2062103414 0.158135296967 -0.336485196262 3.07140135978 0.145090719144 -0.787450124668 3.24153459775 0.0020540473053 0.115857569498 3.05411935392 0.0432042420887 -0.297531054835 2.89524852416 -0.0170331197361 -0.751154799886
2.092120772 3.24291595542 0.108776682404 0.358236562227 3.20374043525 0.211062366142 0.132806011543 3.2080654065 0.15300035505 -0.318581821728 3.05693072605 0.145093961889 -0.768556760967 3.22146483784 0.00145323911267 0.132764320464 3.04995680068 0.0413623727033 -0.287281558344 2.83987261445 -0.0162243936998 -0.73214739433
2.127468006 3.22974007088 0.118804237156 0.340143654081 3.20390512818 0.21677577617 0.110754253126 3.23372892367 0.155789710182 -0.331324042461 3.06999331303 0.15190449571 -0.804530319691 3.21644254612 0.00577432256871 0.116686763228 3.063916177 0.0449881106245 -0.309881035889 2.81228823871 -0.00803123101525 -0.764033279335
2.158478871 3.22060629965 0.121187534904 0.347380565073 3.19000206083 0.224498549198 0.120878785396 3.19990616197 0.162737324591 -0.326496159434 3.05893992224 0.154904683991 -0.780839605262 3.20488076471 0.014006687193 0.121154914828 3.03823945796 0.0431728689088 -0.301141042892 2.76679390717 0.000579758338418 -0.740932160077
2.194614180 3.20912143788 0.1191748737 0.345779594075 3.17664756866 0.223604594505 0.11998895713 3.21092645801 0.154038314168 -0.326384230919 3.06100191566 0.14889744364 -0.791827344769 3.197445207 0.0140757345114 0.118272144899 3.04064571574 0.0336324686592 -0.308564757785 2.74227267472 -0.00223414780367 -0.741626039732
2.225970474 3.19730821948 0.117297968735 0.34772076906 3.16102648996 0.222230269547 0.122712876204 3.19608028471 0.15078642858 -0.324707327021 3.05854367286 0.150511707682 -0.787722416306 3.18405117315 0.0131505773565 0.119831505011 3.02150657819 0.0307879845999 -0.305255178206 2.71455466111 0.0019684004526 -0.736343345144
2.259718510 3.1846136601 0.115575876207 0.351632955582 3.14280727759 0.219622796008 0.127158286144 3.17998118242 0.149391594054 -0.320981468325 3.0526342588 0.149840985902 -0.785731610908 3.16877141207 0.0109021939755 0.124135546733 3.01023559992 0.028542356804 -0.302646280604 2.69560034786 0.000817039935953 -0.728660780404
2.293605598 3.16941637512 0.114491012034 0.345279861991 3.13327283044 0.218790119385 0.119976512695 3.18125361692 0.149989850071 -0.327581448585 3.0597118346 0.152893654722 -0.799263741398 3.1602066922 0.0101986369723 0.117278110541 3.00328073606 0.0291719603925 -0.310149581473 2.69179024085 0.00234504298473 -0.740312988089
2.330478348 3.15458922336 0.113036688162 0.342920571971 3.12531578884 0.219108892037 0.117478037284 3.16984933107 0.14481366072 -0.329755539995 3.05678753082 0.153667493467 -0.795054196965 3.15137318344 0.0104029054054 0.114034460127 2.98846627518 0.0303156037146 -0.31111760567 2.6809892207 0.000741220656544 -0.740490621754
2.358917843 3.13599012072 0.110080580415 0.344989457428 3.10446766606 0.214898762967 0.119190668795 3.13618091273 0.135788497376 -0.328246322086 3.04065328152 0.148012908446 -0.793072997564 3.13120133306 0.00625899624233 0.11659492851 2.95964600153 0.0257429575686 -0.305113715627 2.66584252335 -0.00382615103571 -0.736572292191
2.394589693 3.11692884558 0.108359746239 0.344400812845 3.08451210355 0.213466331878 0.118818992218 3.12555225486 0.13485492562 -0.328027197351 3.04091987684 0.151473373903 -0.791313232918 3.11371842348 0.00516156616784 0.11565305242 2.95533737881 0.0278922528078 -0.310852927096 2.66075996511 -0.00112692806679 -0.744413215905
2.427776983 3.09985051855 0.107000377171 0.354503750333 3.05956170862 0.213587852779 0.131060310062 3.09729378695 0.12721647038 -0.314700647019 3.03038425975 0.152113426146 -0.783200157109 3.0864906778 0.00502906325786 0.125736053435 2.9357756508 0.0241941104275 -0.303778422869 2.64757810484 0.000426444534054 -0.736190511235
2.461530677 3.08146723475 0.0960112349385 0.348138644519 3.04935688971 0.201180207262 0.122756560315 3.09190347123 0.10391944588 -0.320261875998 3.04086006327 0.139563995631 -0.802981384554 3.07636448071 -0.0074015273741 0.119733878106 2.94256522256 0.00699559754029 -0.315266332329 2.66319380595 -0.0106777099136 -0.753159806876
2.493844827 3.0609965607 0.0898966349041 0.349939623032 3.02328978228 0.195516903505 0.125599002257 3.04703333609 0.10851118475 -0.320558494628 3.02104171939 0.145804706526 -0.792521655995 3.04865821045 -0.0132580897162 0.121656282123 2.90526861526 0.00562488463735 -0.310222829853 2.64506930455 -0.00498022571495 -0.744653636785
2.527403737 3.04245508713 0.0852828354132 0.353584436012 3.00259523194 0.191717938329 0.129897280787 3.0365621586 0.108722305039 -0.316559493763 3.02374729517 0.146421278354 -0.78935235441 3.02964822517 -0.0168251408595 0.124753931907 2.90164630602 0.00261794670263 -0.31180985268 2.65374508437 -0.00163645481426 -0.741697919142
2.560359857 3.02308621709 0.07938416655 0.354884464433 2.98549637553 0.188068995517 0.131840901334 3.00917395371 0.114187490692 -0.316891546481 3.02331833244 0.149582195968 -0.788276241994 3.01018998893 -0.0207248323897 0.125132436608 2.87826594852 0.000312366513297 -0.310414350539 2.6543573753 0.000226034512532 -0.743581527348
2.593754293 3.00339410287 0.077191047647 0.359350051903 2.96239092763 0.189106065797 0.138553144408 2.95196082183 0.119952333332 -0.310339273337 3.00977414362 0.153840401222 -0.783845406111 2.98478911977 -0.0198151966884 0.128695701298 2.85337702548 0.00576433579068 -0.306873548668 2.6509899517 0.00463728823181 -0.736981905604
2.624061170 2.98531844706 0.0753253425185 0.365046956678 2.93938436306 0.189634133755 0.146493185581 2.88716496984 0.11952635985 -0.298120590504 2.99532224452 0.15699832238 -0.779271317382 2.96078693967 -0.0192241307548 0.133960331089 2.85084455161 0.00646692887486 -0.307033359923 2.65655589748 0.00251039942067 -0.73153710183
2.658785571 2.96912682865 0.0730952949452 0.371523761758 2.92481896102 0.189060014091 0.153447218575 2.84842354211 0.121440920914 -0.288760706988 2.98146653706 0.15870183899 -0.776091273811 2.94080454494 -0.0202507677987 0.140324723336 2.8391438887 0.00495878538627 -0.302911490772 2.66416797271 0.000500669385769 -0.729548360259
2.692621326 2.95188734125 0.068010163872 0.370400900278 2.91110607978 0.18547907688 0.152421069604 2.79126027408 0.115017523685 -0.278291655463 2.96432245242 0.160108972062 -0.786027368064 2.92195543266 -0.0240880982353 0.138885202118 2.82981723173 0.000447270796097 -0.306556353974 2.66662108934 -0.00207331457105 -0.734401518684
2.728085891 2.93552112993 0.0657137094074 0.368000081488 2.90002404319 0.184113725504 0.14960105721 2.74801056955 0.108956009229 -0.270378807389 2.93051435351 0.16602892234 -0.778321006087 2.90594126813 -0.0256391023406 0.136145163896 2.81696367686 0.00832353011622 -0.309362031858 2.6701623389 -0.000114204893153 -0.735220501418
2.758208600 2.92080287153 0.062731840006 0.365922559868 2.89183532001 0.182527620597 0.147339750009 2.7212125053 0.104715195768 -0.26605781662 2.88522216917 0.165163155387 -0.76503391345 2.8924161176 -0.0272725786875 0.133409572097 2.81163283842 0.0120393422916 -0.313240491281 2.67156299019 -0.00135715686346 -0.731966234102
2.793221510 2.90776041902 0.0596642834009 0.370466247912 2.88127699707 0.179478952053 0.151552877781 2.68187809494 0.10465727388 -0.249155435198 2.82424666258 0.162903318374 -0.745692991232 2.87697644914 -0.0303035878542 0.138219824733 2.8050058958 0.01282030855 -0.309599353657 2.66610843759 -0.00382159340307 -0.724289822465
2.826068819 2.89439033076 0.0587128640506 0.377390674465 2.86466154638 0.180205850249 0.159855032319 2.62567713909 0.105074845457 -0.256392579224 2.75986024577 0.162698095298 -0.730161565763 2.85820376675 -0.0294428722795 0.145258193249 2.80027736847 0.0220864864785 -0.303520600937 2.65442849304 -0.00251823817357 -0.726502609152
2.860330040 2.87900924386 0.0564767350124 0.379676985846 2.8506344603 0.179387790302 0.162720775982 2.61220745438 0.112475674886 -0.237597867272 2.7055907783 0.153183247517 -0.722314259486 2.84098917681 -0.0301174483754 0.147215257214 2.80213819626 0.0260534523134 -0.30283603746 2.65221045695 -0.00429517808358 -0.733318091727
2.894602296 2.86455490776 0.0550379306979 0.380852637084 2.84050629381 0.178153484911 0.163482760817 2.60979094791 0.11722415539 -0.23354739758 2.63826270049 0.153364259362 -0.709284837371 2.82732829536 -0.0311826192516 0.148116842428 2.79341724671 0.0271701271277 -0.302340918756 2.65441918812 -0.00326560034459 -0.734756332262
2.926652520 2.8494726336 0.0540259543687 0.380174347758 2.82814032929 0.175843762364 0.161795306239 2.60536856175 0.120773577622 -0.236225268299 2.56350248844 0.150019914318 -0.701234758074 2.81520061639 -0.0335842293509 0.147506657483 2.78483546235 0.0254915639583 -0.303269994899 2.65844335809 -0.00346224465113 -0.734940184934
2.959317757 2.83423509018 0.0511987575899 0.378820399822 2.81615107686 0.172369292056 0.159785783018 2.60647473198 0.121854178609 -0.24356867141 2.48918100049 0.147062335412 -0.691871753142 2.80284369018 -0.0370976605131 0.146002567741 2.77931251328 0.0237332276313 -0.304988541507 2.6566941014 -0.00614711321336 -0.734661736126
2.992211789 2.81841160541 0.0491563029216 0.377202110777 2.80208760119 0.170411186809 0.15806992281 2.59734138435 0.130261798869 -0.247916477217 2.41730482194 0.141755095078 -0.685702238638 2.79065765495 -0.0391577562393 0.143923602493 2.76425781799 0.0242265271297 -0.306615256227 2.65559471697 -0.00392637979434 -0.737667042147
3.027084949 2.80169705369 0.0354927741183 0.376576195611 2.78467726322 0.148751760064 0.153404795112 2.5834207603 0.115432905573 -0.254508467099 2.35640794516 0.115696964286 -0.685658252744 2.77881521625 -0.0614060411637 0.146336945554 2.74980355449 0.0047992813481 -0.303664458505 2.65632479114 -0.0231878154825 -0.731418082426
3.060162452 2.7820849918 0.0333386798624 0.374057712962 2.76491408156 0.144747826996 0.14992725235 2.56589625628 0.134932352921 -0.259500117205 2.31002973167 0.127174226181 -0.684980042837 2.76057059452 -0.0653087075147 0.144389609616 2.72617971318 0.0250152628408 -0.300328830958 2.64980250065 -0.00605344002604 -0.734345060421
3.094174833 2.76457253326 0.0334907876241 0.372203285102 2.74985572267 0.145466979447 0.148118057784 2.56062741266 0.140518622019 -0.266109320264 2.29230805939 0.126936596998 -0.683199032917 2.74473244895 -0.0646504786431 0.142106724067 2.71322704934 0.0305931953046 -0.302136797297 2.65090210645 -0.00411098260255 -0.733375215828
3.129866728 2.74542215296 0.0360963348041 0.377619248999 2.72570583127 0.148482576775 0.154115064216 2.53579661864 0.142129019702 -0.25999954888 2.27047287906 0.127217377694 -0.676181801833 2.72235062266 -0.0617111535075 0.147673120977 2.69035302619 0.036584299333 -0.296065180073 2.64228860329 -0.00133390700293 -0.724546937118
3.160502204 2.72437428357 0.0429372532796 0.379608339984 2.70316162244 0.156423915474 0.156780262382 2.52752242107 0.146332434744 -0.263321082208 2.2555575386 0.131578506074 -0.687409041968 2.69744996551 -0.0537143196187 0.149574900064 2.67326291152 0.0454340748144 -0.294506981311 2.63680272368 0.00489451217741 -0.729144451147
3.193406014 2.70204320767 0.0490303261602 0.379924523085 2.67821872805 0.164207377931 0.158222996214 2.50909467522 0.148307678334 -0.264471374626 2.24550918326 0.131659691698 -0.691545845878 2.67298069792 -0.0458873907614 0.149422417313 2.65118428884 0.0461687425554 -0.296329806706 2.63464573764 0.00483913773824 -0.730185764025
3.225702915 2.68059911119 0.0538114668741 0.383433146776 2.65501804081 0.168777040635 0.16179774269 2.49240569854 0.152479720914 -0.26352151474 2.24426677265 0.129173679444 -0.688306827643 2.65027366377 -0.0413462296622 0.153173797718 2.633642304 0.0468976667676 -0.293600799399 2.63314552283 0.00323090545151 -0.723807828827
3.260753119 2.65847922867 0.058268470279 0.385308838378 2.63063058139 0.173096424321 0.16387255456 2.48118863786 0.155289997705 -0.266065266262 2.24061637512 0.131030065572 -0.688329763453 2.62605075575 -0.0370465253944 0.155398572362 2.61170601499 0.0517387994174 -0.291404124585 2.6296796898 0.00255629021225 -0.727945450373
3.295559931 2.63851389899 0.0620710054323 0.389751294527 2.61180392567 0.175422771183 0.167406788143 2.47678726617 0.155497592622 -0.267081027683 2.24473528659 0.128655523206 -0.686624334247 2.60689793358 -0.0347704459969 0.160357428725 2.57734079589 0.0533889226681 -0.285595038393 2.63189137833 -0.00261793033201 -0.728053856935
3.326750705 2.6180437015 0.0673348653302 0.399741176847 2.58791283225 0.180259490677 0.177649765304 2.4649156927 0.1598452663 -0.260404806098 2.23970869033 0.131588686505 -0.679588488146 2.58137695985 -0.0299118418494 0.171304635506 2.5332426978 0.0524884387263 -0.273852902535 2.61773051549 -0.00100960298374 -0.719411959216
3.363467154 2.59971924997 0.0713959476179 0.406894350846 2.56736719213 0.183364960253 0.184615996779 2.45866350956 0.159439756274 -0.25696264446 2.24462152953 0.129952168906 -0.6819314017 2.56198903761 -0.0268560430091 0.179046741634 2.49658332855 0.0460713881753 -0.265410598688 2.60903570744 -0.00390458578827 -0.717905579622
3.397124608 2.5795129218 0.0761516107007 0.403662979756 2.54802878458 0.187488302305 0.180942621157 2.44408852871 0.1625601251 -0.261924321881 2.24831730227 0.12986400194 -0.689653400139 2.54644555225 -0.0227981472226 0.175393005393 2.44837974644 0.0393332045219 -0.26366377856 2.59446317838 -0.00610455234108 -0.725357918672
3.427235725 2.56053438324 0.0816664640843 0.402933831938 2.52998823637 0.191622299759 0.179395644577 2.43638610811 0.166359062262 -0.265753120493 2.24981146127 0.130474664166 -0.684042687853 2.52927903176 -0.0186670724308 0.175010210173 2.40305093772 0.0316392990824 -0.258097938229 2.56699518833 -0.00750362288692 -0.719262297757
3.461526349 2.54561864323 0.0845690734804 0.414405810555 2.50853978887 0.192694593411 0.191037233371 2.42996696514 0.162884215685 -0.256572860097 2.24767846636 0.12693107723 -0.670779496425 2.50866652778 -0.0176382861452 0.18824688867 2.35520605672 0.0288564886032 -0.236460158725 2.5318617415 -0.0140704366622 -0.699125022708
3.495677224 2.53165502851 0.0867348852263 0.418836831085 2.49238379507 0.19353445411 0.19516160607 2.43417498744 0.160466720156 -0.255044997746 2.25178048915 0.126743325269 -0.678588593523 2.49448417012 -0.016800075682 0.193275367889 2.31059866904 0.0172267909834 -0.238779223999 2.4944257272 -0.0177363284906 -0.69711200678
3.527492018 2.51618968437 0.090250880665 0.419057346876 2.47881957361 0.196612956532 0.194841633311 2.42203584345 0.155916397856 -0.255196305086 2.25261640005 0.128861530549 -0.683710422766 2.48352053451 -0.0136805385458 0.192974916828 2.26939628284 0.0121520146233 -0.242117344749 2.4488090479 -0.0178292198965 -0.691784019396
3.558450295 2.50353733145 0.0927872264022 0.419098286906 2.46940135081 0.19857143329 0.194104622618 2.42279758064 0.149777103169 -0.256313403831 2.25675922896 0.128315815175 -0.682449024409 2.47539528191 -0.0116858078782 0.192666551288 2.23676790911 0.00797931023882 -0.234248648848 2.39997340002 -0.0210110360902 -0.682582240892
3.594633584 2.49067601263 0.0945047389744 0.423348486736 2.45554711483 0.199114183304 0.197931516769 2.40761816082 0.147468423144 -0.252214425344 2.25089376706 0.127177854177 -0.679061307552 2.46111673378 -0.0111676928305 0.197627968482 2.21962590711 0.0104427825816 -0.207870412054 2.34049885818 -0.0260088875327 -0.66919566989
3.626739193 2.47705320923 0.0971692168282 0.425830043123 2.44117675615 0.200295908473 0.199833989599 2.4000234436 0.146376674666 -0.250762294786 2.24869820654 0.127134030499 -0.680163411303 2.44748124295 -0.00997075290332 0.200789776991 2.21753878753 0.0058474446768 -0.201950802947 2.27981629582 -0.0309280080611 -0.659188305878
3.661356808 2.46260642691 0.097876965581 0.425185473386 2.42690355718 0.201258472011 0.199268948033 2.3883794331 0.137984404722 -0.250316420716 2.24745991292 0.127341156383 -0.683323807145 2.43449710481 -0.00896994228983 0.199809203346 2.21241795519 0.000359671998788 -0.202736245563 2.21923771203 -0.0366443141053 -0.656874118516
3.694005214 2.44824289544 0.0985125787144 0.424163919701 2.41379759449 0.201322678631 0.197793089802 2.37917948305 0.136092540485 -0.251902431234 2.24932440934 0.127847129418 -0.684322288115 2.42255325287 -0.00886081524835 0.198750271999 2.20983934009 -0.00290803719149 -0.206498519416 2.15870628108 -0.044098325207 -0.647125971367
3.726048874 2.43389277912 0.099167723147 0.419738099609 2.40369625609 0.201620004808 0.19263568672 2.36680103465 0.138987361959 -0.257291835839 2.25234222399 0.127582873536 -0.686660433966 2.41249000218 -0.00855799958212 0.194081027957 2.2112218841 -0.00553861921412 -0.215756977864 2.10120533101 -0.0493934315919 -0.645208462791
3.761147967 2.42050241562 0.0989021786612 0.42420027648 2.38852098039 0.201812682831 0.197528167999 2.35275760251 0.137255407299 -0.252248403517 2.25024436965 0.127318560715 -0.67438900292 2.3973503692 -0.00836937263694 0.198477842601 2.20108225511 -0.00839179919742 -0.213316358343 2.0411992995 -0.0546679592574 -0.63087969013
3.795806159 2.4049618917 0.0952015829424 0.421431504218 2.37609227312 0.197257552949 0.19397230545 2.34896048617 0.132433753337 -0.256306418745 2.25174851453 0.122145371355 -0.681061615867 2.38644705504 -0.0128522064951 0.195669716148 2.20235373561 -0.0153182671909 -0.22129738108 1.99724605802 -0.0607688783056 -0.635458813349
3.827892981 2.38874778482 0.0921394506307 0.419579726618 2.36149120357 0.193708747485 0.19169327583 2.3331413887 0.131379480752 -0.258905603802 2.25063083467 0.122753208741 -0.681565518011 2.37310672885 -0.0163262116049 0.193787166272 2.18817064258 -0.020213472334 -0.22280706409 1.95545785235 -0.0596629374419 -0.633716106141
3.861915629 2.37342163452 0.0891395469225 0.422455057572 2.34606251215 0.191727031877 0.195025424788 2.32967924445 0.130321515154 -0.256163891866 2.24889502551 0.123601735995 -0.672361410073 2.35939092366 -0.0182147278673 0.19601432847 2.17638891771 -0.0224907525492 -0.221432783753 1.92555771833 -0.0555333323054 -0.626191887425
3.895828419 2.35432935646 0.0854600792096 0.420706012712 2.3250266303 0.188631602435 0.193788014265 2.31545169472 0.131240133548 -0.258150228765 2.24161082963 0.122367898814 -0.678003778336 2.33682574343 -0.021399510766 0.194277900126 2.15348731605 -0.0267061858689 -0.223015737961 1.89484371043 -0.0563177316233 -0.632052126169
3.927840931 2.33573780862 0.0804154094786 0.416993251412 2.3088947975 0.183913510342 0.189923266391 2.3064453583 0.124465335451 -0.261865283574 2.24501829341 0.121057593337 -0.681199713704 2.32153814781 -0.0260705168564 0.190161684308 2.14260644661 -0.029980420554 -0.229030315913 1.88811335146 -0.0581943661475 -0.637275734259
3.960161577 2.31888945515 0.0759316744954 0.422093899237 2.29299004165 0.182216720353 0.196205749739 2.29929746319 0.116917396598 -0.254684715326 2.24140650507 0.12321824749 -0.671396660886 2.30465828551 -0.0278154576286 0.193999530125 2.11504740678 -0.0327497535803 -0.220310076133 1.90260287214 -0.0522878912631 -0.626270538459
3.995388477 2.29754962001 0.0712862332557 0.419791426354 2.27251494761 0.179986222171 0.19496021948 2.27957778509 0.104165699102 -0.254240673165 2.23277731842 0.122030746311 -0.682456870889 2.28456111268 -0.0299790083936 0.190513336856 2.09539165664 -0.0395730298205 -0.223982367214 1.90597589603 -0.0494682148718 -0.629707318427
4.028765035 2.27444074768 0.064779571834 0.41720288819 2.24741266576 0.174627182211 0.193158508097 2.2497850936 0.0940629666815 -0.25532788978 2.22563231596 0.116564297031 -0.683274776773 2.25906380704 -0.035330279266 0.187562395967 2.07326838544 -0.049337637451 -0.228351167177 1.90013261965 -0.0516018270336 -0.635831564541
4.061694198 2.25557826019 0.0527936245574 0.421916977252 2.22569642229 0.161322643824 0.197583407812 2.21604276583 0.0721152566793 -0.248998374357 2.22535381515 0.106822726489 -0.675692195183 2.24557803118 -0.0480296848812 0.1922824925 2.07504040377 -0.0632224499729 -0.22980184202 1.90482515832 -0.0610411446664 -0.636072914786
4.096797971 2.23426212319 0.0432866187686 0.41924417347 2.20548868066 0.153231642473 0.195494431746 2.19026343496 0.0770878640129 -0.253279682252 2.22226955124 0.111011954662 -0.681137984635 2.22696256823 -0.0557708955327 0.188778532558 2.06655332108 -0.0648241962356 -0.237431876764 1.89802018837 -0.0576636786651 -0.643125990376
4.129230361 2.21309075307 0.0396089515852 0.420086658464 2.18223942238 0.154235249701 0.199028940973 2.15799582961 0.0869925153849 -0.25078670484 2.21210547809 0.121115341399 -0.673934517125 2.20046329492 -0.0549665380665 0.188022343274 2.04804157535 -0.0612941052364 -0.241247330006 1.88432299411 -0.0488765204205 -0.648143151977
4.161997705 2.18988811523 0.0403119455808 0.420483289102 2.15525796976 0.160089200275 0.202894701703 2.11337838253 0.0960587272284 -0.245922344174 2.19910814984 0.125002073443 -0.673801717918 2.16598085042 -0.0493325895627 0.187495675502 2.02312505401 -0.0602551609628 -0.244955215778 1.8787177146 -0.0439843367252 -0.658196231974
4.193358051 2.17369066397 0.034780891669 0.430879741421 2.13592965631 0.157371905157 0.215338437251 2.07291018582 0.0934927979407 -0.230789718719 2.19307281259 0.116313643376 -0.665301024362 2.14698748549 -0.0516677270783 0.196943010893 2.02951719676 -0.0717258749405 -0.242021340332 1.8890765119 -0.0512053794553 -0.656528667485
4.228257821 2.15254147959 0.0285419719731 0.420706875991 2.11403974755 0.152314299116 0.20587590169 2.01614405613 0.0950095419417 -0.233740926221 2.17466649228 0.11401613619 -0.68674150851 2.12378556176 -0.0568002700369 0.186518016773 2.02074152923 -0.0770801094459 -0.256296240958 1.88726041831 -0.0530141057612 -0.672915867845
4.261608050 2.13771802487 0.0232380234805 0.42400569753 2.10044016634 0.148599390153 0.20982686412 1.98250052044 0.0975335730252 -0.226044956084 2.15853497281 0.114029481782 -0.667036493201 2.10912689369 -0.0605032314435 0.189169727722 2.01537042713 -0.0746788993166 -0.256169390174 1.89506190414 -0.0490655335561 -0.676546755877
4.294036879 2.12205470894 0.0175622934148 0.422182940124 2.08545262933 0.144115509417 0.208561721418 1.94122517748 0.0915902146253 -0.219012394803 2.12338728317 0.114279154313 -0.662585009116 2.09201191239 -0.0650150512073 0.187091055237 2.00956425799 -0.0746246451312 -0.260687496289 1.8928676541 -0.0445724080711 -0.681902704848
4.327784009 2.1045351747 0.0125427683838 0.416348714926 2.06543065415 0.139873248372 0.203633557048 1.88418211575 0.0864701167887 -0.216212670502 2.07676229988 0.115814963275 -0.656499388634 2.07180292213 -0.0691841088986 0.181317737745 2.00145984724 -0.0714804335673 -0.268605526822 1.88058112989 -0.0447400290382 -0.688925608936
4.362973056 2.08498435931 0.00906491813488 0.403577607541 2.04459431448 0.138260088951 0.192229733438 1.84696557557 0.0883298357366 -0.210934671249 2.02275486179 0.118502547182 -0.651578291816 2.0499159164 -0.0706495213253 0.168191078639 1.98477264867 -0.0679145158589 -0.282673672314 1.882951155 -0.0381632724383 -0.707416584439
4.394117596 2.06919431198 0.00650035646504 0.398761320326 2.02817816728 0.136857410242 0.188238338659 1.81883392558 0.0867802557797 -0.195094235884 1.97122770916 0.118366852236 -0.632916359382 2.0326036469 -0.0719524947679 0.163173136859 1.98208365108 -0.065741933573 -0.289415544761 1.88391559524 -0.0358437803703 -0.715252891692
4.428042609 2.05797114237 0.00494494872392 0.390379464578 2.03485050332 0.131505353452 0.175470949648 1.8368013409 0.0894922816166 -0.223410647097 1.96529204161 0.0959660583379 -0.654936662286 2.03534924433 -0.0778643499172 0.155073181706 1.99695020422 -0.0684605221536 -0.298670695804 1.90064359319 -0.0375881876139 -0.724997643079
4.459104738 2.04666083809 0.00399036692616 0.389003987324 2.03428421759 0.128333262749 0.171875874214 1.81661505052 0.0941994523413 -0.221721409741 1.90602043701 0.0952269413902 -0.655173871327 2.03343116086 -0.0811648635545 0.153774375885 1.98903880476 -0.0628713559623 -0.299208600094 1.88807412688 -0.0350305479321 -0.724701393296
4.495357729 2.03469013962 0.00295629728622 0.389238619918 2.02947623821 0.126558113863 0.171195227812 1.80703082884 0.0916789245828 -0.222379730249 1.82615565078 0.104942117391 -0.656384271327 2.02591957145 -0.083010823153 0.153907521153 1.98327206721 -0.0589628459557 -0.29909065899 1.8766510524 -0.0397153013477 -0.723607418231
4.526394296 2.0215022617 0.00426236113388 0.387355062403 2.02127505488 0.127243752684 0.168762533938 1.798663739 0.0944342420543 -0.226272109793 1.74976488982 0.11085189386 -0.6542558169 2.01627600745 -0.0823542881412 0.152029947322 1.97172249388 -0.0572110268074 -0.300818094593 1.88379004389 -0.0323588488856 -0.728937583614
4.559346995 2.00905265909 0.00814017308905 0.386429296365 2.01362769745 0.131657237777 0.168122867814 1.7932758937 0.0994038038677 -0.228902171179 1.683966582 0.111479864144 -0.644910055189 2.00820018082 -0.0778998042555 0.150776940488 1.95887496439 -0.0595481787964 -0.301878289101 1.90614761527 -0.00927609464239 -0.731617353238
4.595175638 1.9948657528 0.0104902853911 0.384248501309 2.00283861914 0.1335579855 0.165719816014 1.78164027213 0.0978283216745 -0.230871809226 1.63021566718 0.104077307697 -0.635502753259 1.99570529311 -0.0759882214286 0.148695245051 1.94637838603 -0.0628432610148 -0.30417484354 1.90929077701 -0.00600278674069 -0.735623346229
4.629009858 1.97915323473 0.0102082462076 0.385692803409 1.98741308577 0.133781424322 0.166960351191 1.76817690457 0.0950125907633 -0.230600580573 1.58737588576 0.0973885211875 -0.625224214552 1.98218113532 -0.0777468083981 0.150240582814 1.9205324678 -0.067630984126 -0.30105670661 1.86642480726 -0.0358028823983 -0.732994404594
4.662864681 1.96294034679 0.010884926347 0.387100638841 1.96909253384 0.133959060885 0.168421249174 1.75327345758 0.0957285470673 -0.231137101147 1.56701933945 0.0914255557887 -0.62544777259 1.96616892611 -0.0758272123681 0.15156524185 1.90163587142 -0.0687936969697 -0.299479336174 1.8421687625 -0.0509792486565 -0.732174857488
4.698577948 1.94492423262 0.0116430064562 0.38761718451 1.94944140841 0.13566226629 0.169476237739 1.73839782919 0.0989877697698 -0.232789100338 1.56102556281 0.085540646077 -0.631938900476 1.94933737631 -0.0738413733149 0.151693096034 1.89480675441 -0.0657163905115 -0.300608064751 1.89097989694 -0.00851022018074 -0.729141345376
4.732167239 1.92539222691 0.0202647971227 0.389898628325 1.92872323971 0.148075352419 0.173979213011 1.72554243551 0.112230489883 -0.232340658343 1.55279543325 0.0910524185194 -0.633785488898 1.92691582351 -0.0610447599645 0.152506868578 1.87728837213 -0.0457627805436 -0.300182158118 1.91524029993 0.0197526481687 -0.726757157146
4.763318414 1.90348619425 0.0289009337747 0.391240261525 1.90755609563 0.158740740977 0.176526959219 1.71468523862 0.11581730303 -0.233969433159 1.54858144278 0.087146084376 -0.638020947052 1.90177015558 -0.0501317168011 0.153063357427 1.85615943124 -0.0363116252443 -0.300161938905 1.93545980261 0.017966231045 -0.723031096162
4.794790435 1.87968037112 0.0387932775902 0.391058464203 1.88164162684 0.170711196325 0.177586350062 1.69617324997 0.121212613145 -0.235586552661 1.5414696006 0.0883017284188 -0.643882981475 1.87465645998 -0.0379186892589 0.152171153555 1.82905929832 -0.0277414046592 -0.301191288824 1.94221871662 0.0224201895878 -0.717791619036
4.829459523 1.85727887192 0.0415076766587 0.391068678324 1.85699927925 0.176058182224 0.179229384914 1.68584060765 0.118215787166 -0.238780942197 1.53466076793 0.0824022588284 -0.648358725508 1.85103387758 -0.0323134903849 0.15129416513 1.80320933284 -0.0311903445211 -0.301889985376 1.9418725615 0.0184342225875 -0.711899222745
4.862830285 1.83702521977 0.039264354277 0.391536404087 1.83402162618 0.175266105635 0.180631156938 1.68135256062 0.115675189931 -0.244021724662 1.52861975585 0.0769249722342 -0.652872192088 1.83084479301 -0.0329795458363 0.151266300446 1.78295507643 -0.0356241919599 -0.301954058927 1.92154045148 0.00421155650324 -0.714334694936
4.898230808 1.81473473924 0.0551498314817 0.386933519656 1.81293023842 0.194882773158 0.178695977453 1.67181703726 0.142226172666 -0.250947516663 1.53032350998 0.0951394255141 -0.662778448346 1.80649581721 -0.01191177944 0.145423906364 1.73973723713 -0.0203573562315 -0.304617596468 1.90321187607 0.0362025055668 -0.70526547478
4.928960638 1.79729345246 0.0542176079924 0.385293324932 1.79543060712 0.189705539078 0.174197796493 1.66210555449 0.120055780243 -0.255400468661 1.5400192552 0.0674380756303 -0.67237412605 1.79056554141 -0.0181345190008 0.145205260655 1.71191972275 -0.0480913298711 -0.301703492823 1.89309307139 0.0241723513633 -0.692302302845
4.962640861 1.77947214232 0.0580799044391 0.383418268323 1.77520366136 0.190553487241 0.170404520571 1.64807022926 0.12609200646 -0.262134197014 1.53656937272 0.0722440779728 -0.682097318945 1.77002879466 -0.0178703541715 0.144493040559 1.6847652149 -0.0242153138161 -0.302031975843 1.83348141045 -0.000861694430692 -0.708244527727
4.994037175 1.76289986089 0.0606690617053 0.381702722507 1.75727884511 0.190128631971 0.166831039049 1.64037713102 0.116479498038 -0.267120405328 1.53920719245 0.0637664723056 -0.689936684103 1.75328099308 -0.018788430216 0.143888243678 1.65078502243 -0.0300719030183 -0.299137930129 1.81239460177 0.0107796465702 -0.701147831618
5.029810714 1.74750066303 0.0637061107012 0.377134724872 1.73850404337 0.189145652851 0.160004295269 1.6313226454 0.118129039058 -0.276975596678 1.54229290884 0.0478220714085 -0.699611133914 1.74018027898 -0.020236785375 0.140783036673 1.61420950393 -0.0383352953481 -0.295687997195 1.77291484115 0.020675854321 -0.697862835527
5.061497004 1.73449406236 0.063244713438 0.374257666935 1.72370399272 0.184498610572 0.154861771508 1.62690915946 0.118923181782 -0.285382532371 1.54854482494 0.0205083050052 -0.70377228969 1.72950328991 -0.0250669847348 0.139459711634 1.58573824353 -0.0485065730246 -0.29140972489 1.71865192109 0.0102857433505 -0.702973109841
5.093588786 1.72163737593 0.056393553847 0.368230309375 1.70986380032 0.169600717327 0.144744009235 1.6240299682 0.116182036563 -0.299249678778 1.54139732062 -0.00718014440596 -0.710037644295 1.72190165065 -0.0401191862718 0.136743293634 1.55776592399 -0.068715217643 -0.286417526194 1.65634048719 -0.0191599963967 -0.708043376563
5.128742425 1.70841911531 0.0517630235736 0.363897502704 1.69563566158 0.159929736109 0.137978131322 1.61500894185 0.115569889474 -0.308099132946 1.54098238628 0.0142780678762 -0.726536849314 1.71323407363 -0.0493721935735 0.134437478304 1.53003289309 -0.064050501702 -0.281391545419 1.59469341951 -0.0614028146972 -0.70969134348
5.161215044 1.69329483209 0.0504757785354 0.358353521393 1.6819841621 0.155588697805 0.13085566865 1.61270408784 0.118039508388 -0.317727359343 1.53921261328 0.0330975346422 -0.740299843302 1.69879230228 -0.0538380173425 0.130273026346 1.50121588298 -0.0638309305813 -0.27940288366 1.51529728662 -0.091010989789 -0.71007325399
5.194512894 1.68005348944 0.0478800992514 0.35313143258 1.66952517183 0.150929319765 0.124590501402 1.60867539443 0.112399112731 -0.325241138491 1.54301844511 0.0422025824964 -0.751985098981 1.68776154197 -0.0584915383906 0.126003764497 1.48075376077 -0.07340003269 -0.279173590969 1.45317492695 -0.111387110616 -0.709527188399
5.228058186 1.66832563778 0.025155969411 0.345002996656 1.65327693025 0.130714355297 0.11783444231 1.59851064667 0.0919475067899 -0.332852917559 1.54189821119 0.0302799671449 -0.762454027972 1.67897813134 -0.0779882404233 0.11647997779 1.46673490475 -0.09791110103 -0.28602339299 1.38222350329 -0.140310474568 -0.707300182174
5.263362121 1.65457880913 0.0195944317182 0.338766505403 1.63953682013 0.12284076967 0.110556614973 1.59723286675 0.101639854391 -0.342206672632 1.54363030249 0.0433159041408 -0.772949334627 1.66958250866 -0.0851792005335 0.111250413303 1.44649808072 -0.0954281202492 -0.285616214164 1.32886558645 -0.132603120514 -0.701412473972
5.292940010 1.63974213158 0.0164372307661 0.333533222498 1.6264824966 0.116834358804 0.103939475424 1.59373406413 0.100212450487 -0.349983088003 1.54560768221 0.0445624133268 -0.781849793551 1.65720275582 -0.0911005564318 0.107480500281 1.42686883357 -0.102077095245 -0.285374809054 1.28347975042 -0.133891129022 -0.695013137339
5.330370086 1.62722446018 0.00456096169877 0.329497196701 1.61404026632 0.104095261282 0.0994917367036 1.58972907834 0.0898306913913 -0.355169230518 1.54284217409 0.0398913712165 -0.787935842963 1.6469695119 -0.103543671108 0.103870705106 1.41407651723 -0.115750627036 -0.287598089701 1.25316960338 -0.140425420045 -0.69239449573
5.361621412 1.61031908406 -0.00341409839548 0.326799443857 1.59615283658 0.095206119345 0.0964379388825 1.57959515248 0.0902513923875 -0.35875543597 1.53831516193 0.0446656885418 -0.79258633903 1.63029448647 -0.112256981565 0.10152710791 1.39465818553 -0.117512859618 -0.288471797671 1.22591470333 -0.134725980974 -0.691388658312
5.394767080 1.5961594519 -0.019027668168 0.320934902362 1.58095230818 0.0809824459566 0.0912321078765 1.57906489327 0.0809577960794 -0.364177522645 1.53922592357 0.039962418114 -0.798639931242 1.61884443917 -0.125885197452 0.0949616439867 1.3866092383 -0.12699491433 -0.297146969521 1.22336975841 -0.140087684658 -0.703022560097
5.427513891 1.57920587691 -0.0328863348733 0.317500241736 1.56106709393 0.0668488813979 0.0878942445178 1.56820919042 0.0749626695342 -0.367437889264 1.54211566001 0.0443768955865 -0.803499560998 1.60175682943 -0.139466116542 0.0913860384182 1.37223020653 -0.131071818038 -0.302162450151 1.21055748316 -0.14086481607 -0.709079641941
5.461249149 1.56044685353 -0.0387730309763 0.314289830905 1.54071957222 0.0599166472334 0.0843591019733 1.55833601137 0.0746111928383 -0.370540697236 1.55098132799 0.0551530588283 -0.80760774786 1.58188733714 -0.14629980769 0.0885120269303 1.35659981513 -0.130637488245 -0.307256081702 1.20454008355 -0.131853058388 -0.717935027553
5.494120136 1.54203268753 -0.046569058088 0.311548412949 1.5214974248 0.0512917101409 0.0813261525608 1.54965378389 0.0656460272796 -0.373108597473 1.55823863448 0.0571435182251 -0.810445054791 1.56228701844 -0.155009932177 0.0860901628913 1.3436441368 -0.139560921454 -0.313416678645 1.19903260162 -0.130909414068 -0.726692331542
5.526935251 1.52436462549 -0.0572631728217 0.308690750797 1.50187160093 0.0400442434893 0.0784167397873 1.53455835838 0.0537822480761 -0.375860678255 1.56787338793 0.0593782414207 -0.811525168306 1.54412481708 -0.165972035023 0.0833175855619 1.33511044938 -0.148384423869 -0.321154318197 1.19772849231 -0.132181330479 -0.736719487396
5.561119790 1.50647927989 -0.0689957633902 0.305227132411 1.48258672058 0.0278959392382 0.0749155899216 1.51644241255 0.0446853645158 -0.379248368059 1.57452951365 0.0595656590585 -0.811939194221 1.52654379318 -0.177764641106 0.0799065783634 1.30702999122 -0.141393728064 -0.317929056361 1.23741692162 -0.13318351929 -0.750587186891
5.598972397 1.48855388146 -0.0760125147197 0.302732996595 1.46592963271 0.0206545355087 0.072197526717 1.50216506138 0.044499704162 -0.381454797549 1.57684932515 0.063115235756 -0.811853204207 1.50703685565 -0.185582187124 0.0776636843183 1.28723430886 -0.13417566113 -0.318349698979 1.25254714211 -0.130084724089 -0.755255394323
5.630839434 1.47458319409 -0.0807607120941 0.302273025939 1.45330513574 0.016154941178 0.0717138999937 1.48235439756 0.0422347998504 -0.382325025073 1.5829654334 0.0626429834414 -0.807048539172 1.49266138345 -0.190413248839 0.0772113750618 1.28382534843 -0.132919020819 -0.323867539241 1.26655273616 -0.130882020667 -0.761821913054
5.665069997 1.45989912056 -0.0827476892495 0.302599862104 1.4385600259 0.0147150524214 0.0722752487112 1.45442570219 0.0378890284698 -0.382430635376 1.58160463836 0.0577006795537 -0.799791820307 1.4766845833 -0.192101585724 0.0772909778153 1.27971083025 -0.134339873335 -0.329706910113 1.27109666804 -0.133324081612 -0.767920684627
5.697232177 1.44905273041 -0.0931559779919 0.304551134855 1.42572498467 0.00639009701909 0.0753242613111 1.42901279916 0.0239376907687 -0.379819091833 1.57307052599 0.0472674397405 -0.791898966693 1.4650065157 -0.200256825763 0.0781139729819 1.28180069192 -0.145137717221 -0.335624978093 1.27749915341 -0.14463057665 -0.77390313002
5.728721519 1.43621584478 -0.0992665979594 0.306180088258 1.41109830262 0.00134069422266 0.0776064042714 1.39650855354 0.0193363312158 -0.377114992946 1.55025596252 0.0504019994927 -0.785571124102 1.45154682026 -0.205087456868 0.0790988094095 1.27907252722 -0.143705964547 -0.338354551812 1.27692260092 -0.143452600252 -0.776648733371
5.761527834 1.42544510429 -0.105568669993 0.302999250135 1.39692789357 0.00114847393606 0.0777150226064 1.36559985587 0.0221859243316 -0.375970805926 1.52122838641 0.0483334152378 -0.784433078024 1.44168156046 -0.204341963931 0.072922377751 1.28375826602 -0.141113265451 -0.349978012627 1.28268280305 -0.140986636711 -0.788276195935
5.794165765 1.4145485062 -0.110323707272 0.30051970642 1.38506229457 0.000234603170411 0.0772347347703 1.34162304738 0.0231755499287 -0.375483870931 1.472640262 0.0376442642904 -0.792304237441 1.42966457959 -0.205024930435 0.0686742071702 1.27614399624 -0.144050762902 -0.356173938027 1.27560552081 -0.143987456164 -0.794473191424
5.831951535 1.40411125029 -0.112420608403 0.29840972889 1.37456497374 0.00157282097071 0.0768360001358 1.27809068179 0.0359328715693 -0.367342402212 1.34446003538 0.0432623771374 -0.800525812507 1.41814332184 -0.203795144874 0.0651360719998 1.27608085706 -0.143853589061 -0.363825060842 1.27581093643 -0.143821943324 -0.802124559366
5.864165956 1.39485612922 -0.116401126408 0.296030520942 1.36352896421 0.000756178679941 0.0763501092768 1.23561303784 0.0391167823127 -0.359480490812 1.26867684879 0.042768263321 -0.79651595162 1.41121081147 -0.203506794484 0.0612704663608 1.27778371733 -0.145086676068 -0.370663140828 1.27764782996 -0.145070853203 -0.808962700879
5.896353977 1.38654545868 -0.122797122511 0.289199679887 1.3515074655 0.00425046302137 0.0759418740152 1.20368359111 0.0463180238245 -0.353197750237 1.22014852835 0.0481364589374 -0.791184169362 1.40606865938 -0.197226402606 0.0506053698924 1.27453169582 -0.137541888209 -0.381734997779 1.27446294715 -0.137533984409 -0.820034588594
5.928773099 1.37793852219 -0.126637463269 0.284569981277 1.34175110823 0.00565648644942 0.0747304840711 1.18097352325 0.0454464995183 -0.34994550007 1.18918431258 0.0463534091033 -0.788167209921 1.40037330931 -0.19357528522 0.0440281813398 1.26607001437 -0.141059421121 -0.388391857567 1.26603471298 -0.141055469225 -0.826691417987
5.963048081 1.36765420279 -0.124706188485 0.281698375987 1.33164695819 0.0121147546937 0.074637824042 1.15905860451 0.0503437960345 -0.345521896623 1.16315745682 0.0507966156559 -0.783802063049 1.38938144716 -0.186783745395 0.039695473302 1.25800211285 -0.138497606884 -0.394113507619 1.25798365717 -0.13849562331 -0.832413068101
5.993820793 1.35677076408 -0.123004934516 0.279083608836 1.31891402997 0.0163299102546 0.0739333877804 1.13606461134 0.0464246518194 -0.342531242093 1.13811170662 0.0466508937749 -0.780825957867 1.37875177621 -0.181555879167 0.0361369033381 1.25373390331 -0.138774691654 -0.400122952391 1.25372374842 -0.13877369987 -0.838422512903
6.026356828 1.34755395072 -0.12135012981 0.276249322622 1.30796625734 0.0208543642124 0.0733607656402 1.12185916894 0.0464699258728 -0.341958863253 1.12288160642 0.0465830010701 -0.780257237373 1.37063797093 -0.175593628697 0.0323674324092 1.255135977 -0.138629804302 -0.407035921408 1.2551299725 -0.138629300784 -0.845335420901
6.062080782 1.33744382292 -0.118284668594 0.273768189105 1.29735063412 0.0262656335077 0.072610911445 1.10422367638 0.0471781054178 -0.33975674159 1.10473390703 0.0472346334761 -0.778055998838 1.36147131006 -0.169223575698 0.0292381173252 1.25307577403 -0.137932408915 -0.4124106697 1.2530719668 -0.137932164789 -0.850710230236
6.096157907 1.32657148621 -0.113708620579 0.27228449491 1.28454055267 0.0328046527683 0.0729278988066 1.08611442604 0.0491037972606 -0.337125480003 1.08636867535 0.0491320574719 -0.775424949934 1.35166219072 -0.161162698643 0.0271418856558 1.24930573126 -0.135503589756 -0.416307201262 1.24930314474 -0.135503467695 -0.854606761802
6.127647039 1.31630853322 -0.110500780164 0.271806535782 1.27267359497 0.0382163523427 0.0744341069471 1.07543389018 0.0481650831021 -0.336394178564 1.07556020986 0.0481792093901 -0.774693770095 1.34262334259 -0.154119381625 0.0260787016942 1.24301702123 -0.133723644594 -0.418269092225 1.24301492298 -0.133723583566 -0.856568652767
6.162868494 1.30362797645 -0.10826571932 0.270017977624 1.25928588305 0.0433062613578 0.0750027443797 1.06466471909 0.0490559966087 -0.337152470305 1.06472707394 0.0490630616571 -0.775452031084 1.33208961728 -0.147211659697 0.0237560780331 1.23305679822 -0.131483034817 -0.420909497533 1.23305494412 -0.131483004307 -0.859209058076
6.196705719 1.28898069536 -0.0985604966334 0.262220759697 1.24325822956 0.0563927617807 0.0702304643852 1.05513156742 0.0604820251291 -0.344949005112 1.05516193987 0.0604855576504 -0.783248565774 1.3192316199 -0.131858115008 0.0153644474065 1.21864193162 -0.120134447324 -0.429075246587 1.21864019959 -0.120134432072 -0.867374837648
6.229586135 1.27481988512 -0.0932089708902 0.255692308295 1.22736389939 0.063017623289 0.0651336599752 1.05195808351 0.0558831403338 -0.355537494432 1.05197246475 0.0558849104062 -0.793837055035 1.3062134979 -0.123514466232 0.00857294554191 1.19969515484 -0.125845713819 -0.434632214345 1.19969342281 -0.125845698566 -0.872931774888
6.263450946 1.26193056885 -0.0882760729838 0.251356814868 1.21207187569 0.0673366818033 0.0608739505209 1.0521805708 0.0582876020581 -0.36589912855 1.0521868954 0.058288487091 -0.804198689123 1.29515462177 -0.117373149432 0.00430420259398 1.18227423231 -0.121959196389 -0.437305764856 1.18227262234 -0.121959181136 -0.875605294883
6.295300593 1.24700890108 -0.0802011384752 0.24938494585 1.19856097376 0.0745489277073 0.0578295818141 1.05409201213 0.0654842948702 -0.374407527905 1.05409443049 0.065484737384 -0.812707057947 1.28195524963 -0.110449819925 0.00270183408569 1.15906705725 -0.114963592241 -0.436229263596 1.15906544728 -0.114963584618 -0.874528793622
6.329265485 1.23439852855 -0.079845838116 0.24403054576 1.17846831477 0.0681257124233 0.0493306932162 1.04862130519 0.0535584096018 -0.387372778806 1.04862177042 0.0535586308559 -0.82567230884 1.26658745354 -0.115780854767 -0.00214996188219 1.13307208777 -0.123633807965 -0.437918651754 1.13307047781 -0.123633807971 -0.876218212297
6.364169517 1.22473262678 -0.0797344234255 0.241904986172 1.16179388115 0.0627599666654 0.0452880298555 1.052876123 0.0612890885302 -0.397337241457 1.0528754896 0.0612891953394 -0.835636802004 1.25576775583 -0.118775141947 -0.0039349258013 1.10617473313 -0.11593361227 -0.434511509497 1.10617312317 -0.115933612276 -0.872811070041
