0.236397801 3.52181651038 0.0854442565454 0.180244021653  3.63727398522 0.150600747539 -0.0326276945621  3.64374148337 0.170254381525 -0.486710344665  3.54761692275 0.224581222654 -0.844487884649  3.66797317637 -0.0484763758731 0.0266427004891  3.64891123229 0.0146322539075 -0.42355539539  3.5702628357 0.0282245324597 -0.864083793025 
0.266662146 3.53866292341 0.0901320854546 0.178802767146  3.6505569174 0.15426763593 -0.036258175482  3.65771069494 0.17323751084 -0.490998115703  3.54362694604 0.224059754141 -0.841325943723  3.676717041 -0.0463678804677 0.0200784899042  3.67814185639 0.0352642735091 -0.427096518385  3.54390246886 0.0184627435855 -0.878004106354 
0.304227770 3.54862579022 0.0986249122724 0.180811916341  3.65728588345 0.165793249636 -0.0350367951697  3.65344089682 0.180277106973 -0.49014678166  3.53588886931 0.234110049204 -0.842063647234  3.68174140585 -0.0364141762516 0.0166362107064  3.69045622915 0.0552651083848 -0.428974859517  3.52513609015 0.019073823487 -0.883187753242 
0.335793061 3.56444363839 0.102949738441 0.178895506921  3.67101216863 0.172632045173 -0.0372309068686  3.66123898248 0.180592153317 -0.492565267335  3.5462580182 0.230082774059 -0.843840968036  3.69093984591 -0.0314412191851 0.00901129898879  3.70106481608 0.0629940368177 -0.436394332079  3.52225327121 0.011995306428 -0.892020384254 
0.366785788 3.58040311456 0.107456938177 0.184360749812  3.68403583705 0.181805295526 -0.031656751216  3.67510007151 0.18458289637 -0.487200511121  3.54522461292 0.231749121582 -0.83074306385  3.70920618179 -0.0221257891587 0.0124631819659  3.72277597437 0.0728033092248 -0.432943087365  3.52929650808 0.01271533352 -0.884772973602 
0.402265023 3.59549443263 0.10700525716 0.186488807171  3.6888075537 0.183483901921 -0.0332085265561  3.67635644823 0.175315719589 -0.48855580138  3.53390868336 0.225456324889 -0.840192179999  3.71418149986 -0.0212952769563 0.00683544762607  3.72169711513 0.0659611726935 -0.440281859037  3.51702013606 0.00656881549539 -0.892235147746 
0.435304678 3.61146887186 0.103041524944 0.202667917195  3.70490357229 0.179836500107 -0.0174393138293  3.68503399675 0.175385377318 -0.472619614993  3.54660676193 0.218671703563 -0.825053310626  3.73641181035 -0.0250608107631 0.0264480826446  3.7171967479 0.0472378323406 -0.426048444069  3.57716321431 0.0279207247984 -0.867659074719 
0.469590174 3.62475969504 0.0985575039396 0.212258932829  3.70744340226 0.17629840824 -0.0114370801165  3.69964021354 0.176834924377 -0.466916299504  3.5336511634 0.218907968841 -0.833564005225  3.74141793647 -0.0279239706278 0.0297399191145  3.73878047596 0.0577262806102 -0.418874390049  3.5416133942 0.0145900850307 -0.885186837204 
0.503540638 3.63632685139 0.0997874658617 0.218300745199  3.71704252695 0.182376522724 -0.00437986439957  3.71795122089 0.191509521667 -0.459811966129  3.53863011921 0.229313642037 -0.836252378006  3.74685297858 -0.0233831314956 0.0297926030078  3.72735321885 0.0618968929324 -0.417701923758  3.53177597818 0.0153255683051 -0.888173739545 
0.533007457 3.64658347977 0.0994281437952 0.227901491826  3.72600446862 0.185147017679 0.00590860060622  3.70662682958 0.183072819303 -0.448761662081  3.53987987252 0.228878969503 -0.837380434354  3.75627731131 -0.0206972734376 0.0369221002507  3.72983129021 0.0560629367333 -0.41155312915  3.5315651014 0.0124450819958 -0.874525728517 
0.570367327 3.65398096914 0.0989610689169 0.235175878716  3.72242074053 0.186539430052 0.0106073900151  3.69673671728 0.181147154313 -0.44403988503  3.53337473548 0.226875497122 -0.842130898741  3.7495085105 -0.0204187662725 0.0366622831949  3.71590745889 0.0573525469957 -0.411134315798  3.50828456037 0.00824295867029 -0.885112251889 
0.602922698 3.66098438952 0.0958514449837 0.23272034762  3.72336287069 0.185233189616 0.00698151680349  3.69622670329 0.178562069432 -0.447774502297  3.54532787408 0.213308646497 -0.8519954446  3.74978022114 -0.0220869266667 0.0301276600045  3.70585401448 0.04396172485 -0.418430360412  3.55331508039 0.0236475220412 -0.869041250303 
0.634770988 3.66698784596 0.0969919852241 0.244334644416  3.72296226769 0.186778872959 0.0171762204235  3.69410221974 0.181077549299 -0.437591694201  3.5512717916 0.2092962019 -0.836986189089  3.74076388616 -0.0218853110734 0.0364383925863  3.7081232856 0.0556295226448 -0.411116770115  3.52101799195 0.0148733498337 -0.869457635576 
0.669333827 3.67476129724 0.100108430709 0.251203649676  3.73197008583 0.193912206828 0.0258454073066  3.71593424348 0.191263725684 -0.429448524882  3.56278959038 0.211364466253 -0.841311487744  3.74132051301 -0.015597475815 0.0389770563131  3.7268498059 0.0704955925604 -0.407738787144  3.51313001438 0.0137754052101 -0.880932032871 
0.701550115 3.68262996121 0.102498954912 0.256758323531  3.74177770964 0.199396007502 0.0331324348798  3.72040960025 0.194624047909 -0.422012750306  3.56209501184 0.210052558794 -0.842205711267  3.74406757329 -0.0104219848818 0.0414211837957  3.71808419407 0.0684045950915 -0.406244339663  3.51947205002 0.0148259579857 -0.881344958999 
0.734529706 3.68843418298 0.103390974523 0.263789887904  3.73920081743 0.20186508373 0.0388919810884  3.72618962357 0.201689758227 -0.416573684623  3.55200079589 0.204183564197 -0.84199522497  3.74103413209 -0.00803820696175 0.0454552678142  3.71382449271 0.0522656939466 -0.404887970256  3.54782194778 0.0330739525932 -0.851053925439 
0.770230899 3.69238047405 0.102702100469 0.263648058223  3.72801477357 0.201520163491 0.0361777277434  3.70854799991 0.205208568548 -0.419070629099  3.54358280022 0.199916809643 -0.853590042682  3.7358017037 -0.00840503793386 0.0433139296121  3.73057567592 0.061178925338 -0.406179901904  3.53120742886 0.0220500916684 -0.866697113922 
0.803171378 3.69722986536 0.101777054195 0.269822723028  3.71928652088 0.201243413291 0.0410164438862  3.69427213802 0.20565105151 -0.413996174805  3.54966972621 0.204571846039 -0.845689796486  3.72982930718 -0.0085971565819 0.0473660755734  3.73327662385 0.0590249054129 -0.402838175985  3.51874822581 0.0181619729356 -0.863651841106 
0.832718166 3.70163196059 0.1065504392 0.273403761545  3.71820520888 0.209095795793 0.0452836292544  3.70602697992 0.220846895469 -0.40993817355  3.56262136946 0.213324548643 -0.841539148259  3.72868548444 -0.000890238490634 0.0485628266009  3.71580618128 0.0544244956288 -0.40296805566  3.56370694268 0.0403813229539 -0.847794218162 
0.871599334 3.7043316639 0.110227359517 0.276067325848  3.70873449584 0.214997662251 0.0484847443645  3.68980262882 0.220258121274 -0.406679019716  3.5528616039 0.211137745215 -0.843706898054  3.72147794556 0.00507872416847 0.0492642996088  3.72117799741 0.0571003652752 -0.403027706739  3.53673571847 0.0318047182219 -0.865300100537 
0.901935965 3.70735534654 0.112163764362 0.278276573774  3.71606188541 0.218797585406 0.0514681006282  3.69949013559 0.221176034056 -0.403918557253  3.56997954169 0.207978658923 -0.842002737299  3.72498648195 0.00867073372584 0.0505336806421  3.72735278338 0.063543602373 -0.401679249196  3.53602722908 0.0235689997534 -0.871710254184 
0.933399706 3.70738338898 0.119695426452 0.276622917665  3.71137923091 0.228012061003 0.0505233546448  3.6804344628 0.223582320872 -0.403887115188  3.56213038822 0.216340049769 -0.8424546738  3.71261094969 0.0177252975667 0.0476162456311  3.69692332786 0.0634927360522 -0.40504031296  3.55662024569 0.0409482372306 -0.854595644768 
0.971875232 3.70974176298 0.124297272273 0.27457328742  3.71147905299 0.236122031463 0.0500759055476  3.68136415277 0.222508517524 -0.404288272167  3.56845852638 0.217074737931 -0.838138229759  3.71270538776 0.0260202522136 0.0438363380575  3.71940131169 0.071568593765 -0.408811452655  3.54307944962 0.0320365129929 -0.870200880675 
1.841633 3.71313263653 0.127463964111 0.278939607973  3.70597734668 0.240549974511 0.0552311076412  3.68414274087 0.220954450582 -0.399406812647  3.56116705611 0.212356617275 -0.833698139499  3.70834771992 0.0304328262339 0.0477534988395  3.70394556502 0.05666219544 -0.406328088998  3.57170983919 0.0456929749698 -0.851514401367 
1.34916974 3.71632087466 0.127186563407 0.280216390695  3.71437969636 0.23972735828 0.0560243354447  3.69054193198 0.216164602872 -0.398427130342  3.56972808298 0.207660939493 -0.840649831102  3.71424958389 0.0295229853943 0.049156599109  3.70567752623 0.0498753098646 -0.405595948143  3.59673501768 0.0453822911356 -0.843111661259 
1.71227399 3.71952986464 0.134112356445 0.288668405275  3.71349395639 0.248656722092 0.0655573129413  3.67775457697 0.226882283562 -0.388115437863  3.55927863258 0.214705914538 -0.830205212641  3.71061383708 0.0385201453489 0.0568972893436  3.70795336513 0.0688691803764 -0.397494394003  3.55928602218 0.040668591566 -0.85351160915 
1.101918967 3.71933209033 0.136730916509 0.28573230981  3.70865360264 0.252269817715 0.0632565036945  3.66510516045 0.226137333534 -0.389530674603  3.56121635201 0.210477497583 -0.841160297883  3.70849515917 0.0421590421381 0.053574375373  3.72289670333 0.0715797607791 -0.400546939127  3.53983701181 0.023441663894 -0.880473512808 
1.134066041 3.71831791906 0.136593461612 0.282568678281  3.71474831766 0.25192499147 0.059769451278  3.67063251299 0.220571741044 -0.392703790609  3.57162116138 0.205613827306 -0.839432125653  3.71115823451 0.0418279018652 0.0503583316554  3.69576001487 0.0604195277386 -0.40346163437  3.58328356636 0.0365336775776 -0.861571267611 
1.170748863 3.71780498769 0.133543227794 0.281719559072  3.71583743781 0.248337745714 0.0585844039425  3.65651606404 0.219492465559 -0.39211523778  3.56635285052 0.20494753293 -0.840182533548  3.71475419239 0.0381986082806 0.0496185876118  3.68037943646 0.0502319407249 -0.403624206048  3.59779090384 0.0443392575995 -0.850154694922 
1.202956281 3.7168833529 0.131775981977 0.278882221149  3.71391482805 0.245631683965 0.0552397454773  3.65536590869 0.218207305084 -0.395813353672  3.56070417896 0.204544008764 -0.837843401471  3.71630668354 0.035458936554 0.0471271878662  3.67727468536 0.0517482104485 -0.406128009341  3.60210120899 0.0479301471504 -0.845906724915 
1.235315187 3.71726130692 0.132051557096 0.285780931919  3.7048342913 0.243852567358 0.0615366690909  3.64871893435 0.224234838041 -0.390242528475  3.55222153894 0.205852861272 -0.829456529492  3.71163289083 0.0337300680679 0.0550420762499  3.65396953005 0.0564936463893 -0.395810052642  3.60010369762 0.0468743117187 -0.834107584277 
1.271151314 3.71324005969 0.136314786954 0.288139650303  3.69878203641 0.249335562095 0.0646228882214  3.6622694573 0.229528344847 -0.388806115847  3.55658575667 0.213392687483 -0.832829226187  3.6995508477 0.0391609547794 0.0572369601072  3.65678879627 0.0771698652413 -0.394115208262  3.5497706233 0.0333013843727 -0.865784462382 
1.301219682 3.70847808364 0.137312938408 0.285554737374  3.68940092196 0.249771623827 0.062082425854  3.64267571974 0.224694654711 -0.39025318743  3.55541437145 0.207842710647 -0.837971677939  3.69136162903 0.0396410539407 0.0550816862328  3.63207813674 0.0668882879626 -0.395185307924  3.57950843806 0.0429960050194 -0.850158900228 
1.334621538 3.70297266925 0.138973593234 0.275430123808  3.68722241442 0.249484094463 0.0507033292417  3.64068815869 0.216957129099 -0.401316351516  3.56221464721 0.207390968658 -0.843107017859  3.68992971068 0.0392485315911 0.0455445058235  3.62161058082 0.0654773455825 -0.403844906926  3.58291588619 0.0492119980655 -0.850087257471 
1.369295984 3.69975684572 0.140943948853 0.276525228394  3.68369091561 0.252204769357 0.0521538732195  3.62806292289 0.217311193442 -0.398691976527  3.56065607557 0.210061907146 -0.834418108325  3.69177857874 0.0421101945713 0.0459874616787  3.61502969862 0.088744266295 -0.400085300234  3.55802943471 0.0356605303096 -0.857341194378 
1.401412607 3.69721925063 0.141889877643 0.278168578779  3.68281762899 0.251925103064 0.0530707618032  3.62564204656 0.212670941019 -0.397314282088  3.56223104537 0.209897804655 -0.829510399267  3.69044240593 0.0418312132229 0.0481112611424  3.56311589375 0.10402312071 -0.381133388352  3.53776360834 0.0240662328465 -0.85729143732 
1.433450030 3.69316699264 0.145609299403 0.278649672765  3.68729027146 0.256069666001 0.053462545301  3.63368082255 0.223615581143 -0.397904521577  3.56603180962 0.212702368787 -0.831333045064  3.69224854473 0.0458546230249 0.0484470241614  3.51872994259 0.112992050994 -0.362589280001  3.52086223106 0.0232323466066 -0.860874322015 
1.470382258 3.68423287762 0.151017957993 0.275077470475  3.67973359509 0.262771573059 0.0504335050649  3.62077575698 0.231040094287 -0.40035311309  3.55672123548 0.21404013366 -0.837417727661  3.68351510629 0.0525547442961 0.0442564892244  3.46670777292 0.116859009259 -0.345892189499  3.49079213507 0.0313496983112 -0.86027972914 
1.502448176 3.67689498848 0.150804781015 0.275267286247  3.66804976273 0.260579421987 0.0497464599694  3.61470720554 0.216650087865 -0.400565828836  3.54895785765 0.203486790934 -0.834385899828  3.67995530237 0.0506099794807 0.0451807424126  3.44520761004 0.102023748095 -0.338604451833  3.46369748969 0.0314001435258 -0.838127957252 
1.534656781 3.66808638105 0.150183181887 0.270922836181  3.65551484072 0.258354095182 0.0448273165596  3.60247822496 0.206178134376 -0.404689441143  3.54724369083 0.208703673066 -0.844276152321  3.67177682827 0.0488053992686 0.0413864609304  3.4208197099 0.096012641667 -0.333915031196  3.42841719202 0.0418005418882 -0.834324605004 
1.570885979 3.66178855276 0.152075248597 0.279151100281  3.64616500753 0.262146022508 0.0541522715578  3.60066845061 0.204430828534 -0.395517559495  3.54752667145 0.216220794466 -0.830868865763  3.66664378294 0.0529717355469 0.0486322988769  3.40690322138 0.104710199497 -0.321028810645  3.3906430462 0.0535468974293 -0.816015628362 
1.604577679 3.65077414028 0.155554700326 0.280402056266  3.63869941674 0.268758818572 0.0567848673397  3.60068288749 0.199282711522 -0.391796795388  3.54348880126 0.218847030855 -0.83597395347  3.66008394375 0.0597439663952 0.0486713854724  3.39890517766 0.103268344252 -0.321609835954  3.33534983878 0.0569778008934 -0.811094465786 
1.633930725 3.63965133635 0.158857088669 0.283378018753  3.62455170939 0.272943520023 0.0603507762407  3.58922857046 0.195960113906 -0.387311462787  3.53285159715 0.216785544639 -0.837239661467  3.65199579989 0.0646422978919 0.0510939005333  3.38860099865 0.100653216986 -0.318722835214  3.2828620932 0.0560168765888 -0.799154636757 
1.669001874 3.6232206819 0.158075839351 0.285214047124  3.60280391485 0.273942127883 0.0635804703826  3.57073568502 0.190633996173 -0.383251885581  3.52476322377 0.2153425828 -0.837177070722  3.63165766325 0.0660035589401 0.051944561177  3.37396186154 0.0903235886281 -0.322779849312  3.2161585289 0.0518907046015 -0.789946444964 
1.700802253 3.60711959639 0.158204808529 0.282270807927  3.58992279636 0.275534731935 0.061096188474  3.57331306744 0.190568423365 -0.386081667997  3.53486915533 0.217251509692 -0.842201399835  3.61594548808 0.0672284997002 0.0485497672064  3.3744437571 0.0866486483815 -0.33680734742  3.16854453725 0.0470504608884 -0.788790569384 
1.739704443 3.58938477211 0.155607651711 0.290289610864  3.55785277415 0.27280622058 0.0709337696527  3.54880187987 0.187352390947 -0.377620396322  3.51766707721 0.21353426816 -0.826777447488  3.58799996843 0.0651117893846 0.0565050700514  3.3639677034 0.0785605514291 -0.339310269144  3.11217155938 0.0368133229716 -0.780241595224 
1.771486943 3.56765571559 0.152700330074 0.273058947271  3.54308441659 0.264926619214 0.0502553418442  3.55480967424 0.174943660574 -0.394962886652  3.52650658821 0.206250792329 -0.858184218239  3.56662763073 0.0565081227753 0.0415728212859  3.37167053074 0.0638185715139 -0.368622431227  3.08871788594 0.0269542356617 -0.806476677531 
1.802846200 3.54757128368 0.147033996534 0.278484893848  3.51840598748 0.261896865479 0.0574857944317  3.52330651764 0.175899477473 -0.389317720885  3.51604184328 0.208470572005 -0.829060766714  3.54429879807 0.0538788484046 0.0456845518639  3.35840270894 0.0629044946107 -0.369410865158  3.07180484752 0.0293524203018 -0.791142753102 
1.838907009 3.5275542359 0.139408297397 0.282312726164  3.50381666876 0.255729514526 0.061320442748  3.5107765825 0.156642580252 -0.382941850885  3.52478575325 0.205029792966 -0.828830574223  3.52542285898 0.0470681139387 0.0490740254961  3.35678407184 0.0547325411858 -0.373430848226  3.06870670842 0.0237881121993 -0.795230388206 
1.870372286 3.5077412965 0.13099164442 0.287201684439  3.48155792898 0.247524934474 0.0665327590061  3.47689746697 0.151514251461 -0.378578506225  3.51041735709 0.201940461013 -0.828639603476  3.50321294597 0.0388166285485 0.0538703869851  3.33428433462 0.054407076307 -0.368684244584  3.06156951584 0.0195817871547 -0.79550013738 
1.902992471 3.48730483093 0.125022384477 0.296986824203  3.45282165756 0.244839282045 0.0792851838964  3.45117752157 0.155752239872 -0.367452130012  3.50059410767 0.209370387088 -0.823180583018  3.47976474109 0.0369777171926 0.0621882831738  3.32510538493 0.0559884634893 -0.365635626883  3.06343133092 0.0266084968745 -0.78883443377 
1.937679768 3.46641034907 0.119536689136 0.304948692946  3.43025236932 0.240901805955 0.0883336981946  3.41672591856 0.149851768476 -0.357793434129  3.50110994879 0.211730328558 -0.8284491396  3.45866517103 0.0334685568953 0.0693831543781  3.31008737725 0.0446197597959 -0.361015698672  3.06592034952 0.0257420223288 -0.788359772502 
1.967019474 3.44641238147 0.116155878374 0.323149205855  3.39722315746 0.240459774842 0.111035418639  3.37578009903 0.172450266145 -0.340301157262  3.49082969297 0.21671802273 -0.818664067659  3.4267267619 0.033120657444 0.0873933424953  3.28699492813 0.0373977549591 -0.346409717852  3.05685300721 0.0287818316282 -0.774294065368 
2.2857138 3.42545682927 0.108441629037 0.319302023308  3.38049220898 0.233869503424 0.106773883416  3.32816902301 0.169647997754 -0.340934588333  3.48911234413 0.207786696232 -0.844933470531  3.40769503153 0.0264696342436 0.0828972576177  3.27798493371 0.0257254405982 -0.353904130557  3.07447210627 0.0222252786099 -0.79216668868 
2.37946795 3.4070911369 0.101477290031 0.320582791453  3.36133598803 0.227927096024 0.108740033492  3.28697711908 0.176135654675 -0.337004383316  3.46126399982 0.203758883978 -0.836882586988  3.38649193263 0.0204638819981 0.0839969601349  3.24555869827 0.0211036288325 -0.349244831762  3.08003807271 0.0219652969186 -0.779229575336 
2.69765054 3.38840878896 0.0941717633377 0.320114415253  3.34609479977 0.220374931275 0.107362876952  3.2288323915 0.172378406796 -0.32774483136  3.44946123806 0.205295705858 -0.84280270965  3.36787184391 0.0124438837168 0.0837257730373  3.24024229635 0.0156629888819 -0.353506958229  3.08898975594 0.0194679314235 -0.77544542853 
2.103160414 3.3713570567 0.0885252621045 0.321422430768  3.32563340045 0.215840859534 0.110031607506  3.17086149123 0.173940068246 -0.313391194348  3.41389315266 0.209420086928 -0.830555752829  3.35005399034 0.00846710890227 0.0845200431979  3.24135018158 0.0185700936289 -0.357386295795  3.09049269424 0.0227778582088 -0.769791869597 
2.137912105 3.35455457695 0.0874211964793 0.323174384577  3.31250010508 0.216305273573 0.111969827134  3.13958077972 0.168714840431 -0.304947018168  3.37854428978 0.214960301323 -0.82118434613  3.33467948165 0.00879106899959 0.0856681099255  3.23393681822 0.0269749202189 -0.358042854258  3.09079223531 0.0267268034009 -0.771145020112 
2.170744679 3.34023087366 0.0854135297296 0.328566527035  3.29993079238 0.216170736436 0.118161767835  3.10730254403 0.16109130878 -0.289532989691  3.32676822783 0.213129804132 -0.806379895692  3.31508331272 0.00811635254862 0.0911127009493  3.2169661239 0.0293504243647 -0.353270239431  3.0824773017 0.0265514150398 -0.769198456366 
2.202482689 3.32858831738 0.0840387311048 0.333137736792  3.29314003895 0.215325572943 0.122231754327  3.07850352919 0.160499009392 -0.274490800166  3.27684470076 0.208815182886 -0.795201855867  3.30614607553 0.00721609694199 0.0952960376106  3.22995781469 0.0321787191561 -0.352735558148  3.08507470627 0.0256394143877 -0.772162394129 
2.238589314 3.31377288374 0.0797128557618 0.327734806593  3.28340101986 0.209998449767 0.115428170716  3.05141282103 0.156317665986 -0.314603554661  3.21508252892 0.199475997281 -0.794959319431  3.29492659455 0.00155201802603 0.090023953578  3.22126761681 0.0297008391823 -0.358569815778  3.07928269823 0.0181838343356 -0.783932636526 
2.271391926 3.30243306901 0.0777818143524 0.333704910503  3.2744198469 0.207708911772 0.120819088105  3.01509539357 0.163055218742 -0.320021084834  3.15542927142 0.202634606898 -0.774699212617  3.28488536585 -0.000896339246272 0.0960331609938  3.21457450501 0.0346539434118 -0.352681638117  3.07672338786 0.0224971126697 -0.775318308278 
2.301386540 3.28537421335 0.0758613415355 0.326948106708  3.25947036377 0.206784265795 0.114385671338  2.98659775297 0.164753096852 -0.340649153984  3.08976374703 0.200042904513 -0.776488278055  3.26891048926 -0.00180097518052 0.0888473065868  3.21584982928 0.044473169593 -0.360927065165  3.0679135087 0.0245802998374 -0.790851845253 
2.338051343 3.27389085343 0.0755417192766 0.337114622278  3.2503981341 0.207517966602 0.1249079062  3.02479268475 0.164879961393 -0.31124041977  3.03529094871 0.200731058916 -0.748010355797  3.25456042636 -0.00119393408021 0.0989147878864  3.21345506292 0.0514417734675 -0.351500695284  3.06509373517 0.0248627525536 -0.776770352962 
2.369405292 3.25857858954 0.0730839603948 0.332469903132  3.2379894347 0.204297767214 0.11951165051  3.02728540337 0.1612298851 -0.30322803879  2.96525941331 0.196312634561 -0.76366189299  3.24135387885 -0.00447779606715 0.0943953051468  3.21221920611 0.0508497584299 -0.356711445139  3.06300091349 0.020816344796 -0.79394807965 
2.400951237 3.24762866518 0.0708524214552 0.33753766186  3.22748995156 0.200678145517 0.123672806631  3.0207771162 0.169163577014 -0.291589037833  2.9058405226 0.19512407707 -0.749984306568  3.23144326848 -0.00827843824481 0.0998936783426  3.20712963207 0.0491945044443 -0.351407410331  3.06770090052 0.0222894093165 -0.782714881581 
2.437434660 3.23155663223 0.0706912830126 0.334254365183  3.21293671771 0.199963446674 0.119911156597  3.01408663049 0.181356789743 -0.294645959058  2.85111590812 0.195652532061 -0.750845189538  3.21720449009 -0.00906608438832 0.0966967244189  3.19493771245 0.0532799622854 -0.354150956856  3.06157218679 0.0257507343844 -0.793306655945 
2.468627903 3.21524924332 0.0714514922772 0.330696319614  3.20019598045 0.199205175388 0.115176660549  3.00774358415 0.183756775599 -0.300077240691  2.80510055404 0.192923786377 -0.746283985358  3.20253211921 -0.0100469980394 0.0936468668145  3.18228366123 0.0492512865015 -0.35776702976  3.05874382006 0.0252912341729 -0.793109990282 
2.502061257 3.19746482699 0.0696721453352 0.330958775077  3.17857978092 0.195585131387 0.114661221762  2.98778142333 0.184243228764 -0.300302722785  2.76131078727 0.19174454838 -0.739800426072  3.18500039774 -0.0137144627972 0.0945554852893  3.17142333029 0.0441131202359 -0.357292227905  3.05668988997 0.0219769547015 -0.789620846995 
2.539720330 3.18019065345 0.0699717187245 0.330274664944  3.1620358378 0.1921268797 0.111801724425  2.98974572466 0.189067073259 -0.31021831838  2.74089990878 0.191259625384 -0.737511654809  3.16941447647 -0.0174201818212 0.0952677007428  3.15771191344 0.042584215501 -0.356387880665  3.05750386189 0.0236224063761 -0.786048096079 
2.570560661 3.16372555642 0.0725337309987 0.330347448813  3.14868011578 0.194145385329 0.111333099778  2.98753399179 0.201713824168 -0.3147064084  2.7223544641 0.197870442883 -0.740301137469  3.15605289757 -0.0154462833759 0.0954356727962  3.14884276488 0.0448514711308 -0.356281311221  3.06218085396 0.0306438316367 -0.781716875465 
2.603374378 3.14470846217 0.076139206189 0.332754562123  3.12681585546 0.19706348739 0.113567906042  2.96781864977 0.205746283488 -0.313394019087  2.70199385793 0.19933249578 -0.741688757993  3.13333463598 -0.0126316562077 0.0982852893261  3.11499486791 0.047124677489 -0.353076932741  3.05105952193 0.0321704860373 -0.778597022603 
2.638036741 3.12493549888 0.0817811623675 0.334565273181  3.10703629998 0.202879836245 0.115447678403  2.96414528325 0.209460106665 -0.316944115458  2.69814790117 0.202521354944 -0.741084556854  3.11270693569 -0.00684524249073 0.100058436385  3.10466745006 0.0559345837072 -0.351148305939  3.05125384812 0.0364614108233 -0.776958717653 
2.669839145 3.10512030277 0.0867475049875 0.336655403339  3.08288565697 0.207370683814 0.117695081566  2.93992749717 0.214981868294 -0.314863582165  2.69031124233 0.198850122545 -0.741737665276  3.08924477025 -0.00236144099962 0.102571339949  3.0846786756 0.0595251169738 -0.348897500094  3.04346162733 0.0328294928576 -0.776359079655 
2.704320548 3.0867807177 0.0909526835941 0.344819899415  3.0604149731 0.209852901079 0.125419178388  2.9245776334 0.223349975973 -0.309285583887  2.69125438746 0.198172727328 -0.734275754678  3.06469352692 -5.29107284767e-05 0.11201297371  3.07463890477 0.0628054374565 -0.339060030355  3.03790329499 0.0334928177777 -0.770995716953 
2.738829539 3.06815620824 0.0946632780243 0.349144949516  3.04055780099 0.211841658706 0.128937638168  2.92051365885 0.225083832506 -0.310194748647  2.68702145399 0.19831823485 -0.740476972039  3.04497991563 0.00185722937618 0.117124572611  3.07704539128 0.0726865040353 -0.331255382212  3.03650872844 0.0344721522547 -0.779626876381 
2.768683562 3.04633905697 0.0996932042942 0.350745096794  3.020325368 0.215554322425 0.129625532921  2.90813448057 0.231251954149 -0.311619660451  2.68270233504 0.201369213858 -0.744818569944  3.02038909125 0.00542665809203 0.119585737767  3.05250313444 0.0811827441479 -0.328344128733  3.02801212377 0.0333537891358 -0.786909193804 
2.798418644 3.02571356808 0.104033780998 0.354920343454  2.99903581879 0.218815077965 0.133314667518  2.8968207444 0.236804082391 -0.310278218747  2.68169379934 0.20110981074 -0.742567589677  3.00169768905 0.00871637768086 0.123980490263  3.03335715105 0.0813767808764 -0.324689425838  3.02862030122 0.0301569453614 -0.783801163812 
2.835623185 3.00801361354 0.109833116312 0.359801511985  2.9790963638 0.224334307091 0.138324369056  2.8816393388 0.243155802749 -0.306408656147  2.68104266942 0.204424536131 -0.741123129277  2.98308880072 0.0142399413762 0.129064893944  3.00977390167 0.0850676122191 -0.320298286965  3.02754412738 0.031974373812 -0.782518933296 
2.869613110 2.98894576586 0.111608330086 0.367950355219  2.95349287715 0.225075835969 0.146956222746  2.86472946196 0.240254251378 -0.299708185098  2.67487644606 0.199696592949 -0.735941160827  2.95914596081 0.0149746966833 0.138289820148  2.97015627471 0.0796677932335 -0.31240690609  3.0166274085 0.0279759587737 -0.778578280404 
2.903335750 2.9694635777 0.116841931619 0.370347185814  2.93078046837 0.229149696634 0.14927690859  2.84565695404 0.241202820237 -0.298255508839  2.67652289766 0.205079457273 -0.739479557988  2.9376581644 0.0190465877402 0.141423978056  2.94156740993 0.0815963838994 -0.309824342581  3.0097860708 0.0297169042556 -0.784760445216 
2.939369880 2.95035540943 0.120872546856 0.370572292623  2.91052581835 0.232083856853 0.149122609821  2.8281374199 0.241214825586 -0.29903110977  2.67735468864 0.203445442384 -0.74006238575  2.92065400408 0.0220888817716 0.141762770375  2.89831304567 0.0736051666676 -0.309572810408  3.00712224139 0.0258758605352 -0.791608091681 
2.970452981 2.93231341568 0.126534742547 0.375810212899  2.88749725975 0.235682145678 0.154313688672  2.81314987196 0.244794146755 -0.295208880645  2.67576462601 0.20436383254 -0.732265321804  2.90033589874 0.0258137579294 0.148181195227  2.84512240669 0.0736815322616 -0.300010633827  2.98874018626 0.0261320033413 -0.784561027089 
3.7288268 2.91345695185 0.128738866399 0.372973215512  2.87101970333 0.236399339791 0.15030451763  2.81054509587 0.249823556132 -0.301004861068  2.68340743085 0.202123519427 -0.739251189721  2.88785443853 0.0267928189856 0.145103833237  2.80192539846 0.0717696456849 -0.298312171932  2.97652777446 0.0232101101855 -0.790057747367 
3.37801879 2.89610587581 0.131382830375 0.375122662791  2.85149334091 0.236417822754 0.151620812499  2.79670012701 0.249802448148 -0.300524646638  2.67939866893 0.200694534365 -0.733289993356  2.86824849482 0.0267817205865 0.148720055156  2.73723769491 0.0777623661425 -0.28127061352  2.94589356253 0.027060625559 -0.768397478592 
3.71167417 2.8821910914 0.135190457485 0.381790865758  2.83345160788 0.239496873305 0.158788511827  2.79304829388 0.249440938762 -0.29480530339  2.68142627496 0.20290274799 -0.726141868479  2.85355295137 0.0301410511435 0.15567192188  2.67371812979 0.0752581045018 -0.2929941656  2.90754545654 0.0339077098877 -0.751058104333 
3.104973727 2.86637002989 0.138026519977 0.380112304488  2.81602288226 0.241991483968 0.15728575297  2.79117160181 0.242307875228 -0.297331907824  2.68129465539 0.203437842721 -0.733170371414  2.83881514154 0.0329221096794 0.153862695619  2.63146444281 0.0722474283603 -0.30277657265  2.86237725498 0.0380726440734 -0.743808976018 
3.139660326 2.85337395535 0.138860670238 0.386176225516  2.79674312493 0.241277866397 0.164148540463  2.77907645558 0.230222320546 -0.290739669793  2.68007595267 0.201759401965 -0.72197627514  2.82675217547 0.0331263691111 0.160114128479  2.59503797262 0.0709484359158 -0.292235972539  2.8119937992 0.0383614223225 -0.719252516535 
3.169327381 2.83874700371 0.14006273443 0.387781809029  2.78052291399 0.242038732109 0.165972879829  2.77995027251 0.221944354395 -0.288770923002  2.67992602467 0.203602800462 -0.727118242363  2.81372678482 0.0344899649124 0.161470804742  2.55851500535 0.0742328095109 -0.293866758793  2.74999210233 0.0424396056798 -0.711875396701 
3.207138989 2.82375113881 0.142658229884 0.386214420264  2.7671132276 0.245447374259 0.164366804207  2.77295566842 0.214118477262 -0.28984233896  2.68016694869 0.20478409102 -0.737582842858  2.80205244612 0.03815379761 0.159063087004  2.53558850425 0.0811532117474 -0.283522863544  2.69032631627 0.0472568303629 -0.711027399216 
3.237345505 2.80884806659 0.144731814058 0.389364926666  2.74875849787 0.247881221023 0.168596668991  2.75601137327 0.207785941268 -0.285069022326  2.67294260365 0.202108847809 -0.734759329993  2.78433540767 0.0406826708252 0.162292278059  2.53180000511 0.0935989452071 -0.250639197895  2.62078756352 0.0473289244811 -0.693091902086 
3.272749590 2.79439029694 0.148268656704 0.391272175817  2.73629584235 0.251940516676 0.170194599901  2.75332024271 0.202068936143 -0.282196728505  2.67667597292 0.204405355053 -0.740402165972  2.77021796869 0.0444337710075 0.164045305379  2.52769382385 0.103008094553 -0.235807655102  2.55813181042 0.0451659898659 -0.692909787173 
3.306054784 2.78068399484 0.152205587559 0.394320352384  2.725994319 0.257551394974 0.173171184982  2.74351239779 0.201211951264 -0.278586615574  2.67727215691 0.207297294498 -0.739531440623  2.75786224478 0.0497307303222 0.166343064997  2.52880563917 0.106623600041 -0.232490108527  2.49176780786 0.0465128949926 -0.688536130319 
3.339065106 2.76549698317 0.153671138463 0.395797245327  2.70789617593 0.259686704472 0.175705431147  2.728396464 0.195841015613 -0.274973400871  2.66968720368 0.205999796544 -0.738729410809  2.74176800135 0.0522352335827 0.167444076263  2.5190314837 0.103970556631 -0.231206625359  2.4219602278 0.0431272511543 -0.681814133178 
3.371968429 2.74930824221 0.155218106587 0.391829195661  2.69653897116 0.262525774083 0.171184324183  2.72687692132 0.19547687429 -0.278450079859  2.67603092165 0.207789126487 -0.745660586454  2.72902944886 0.054865786767 0.162696533943  2.51850753154 0.101573154804 -0.240785267233  2.36329348812 0.0434570222316 -0.679206617879 
3.405649583 2.73251575523 0.15830315843 0.393142245625  2.67952162565 0.268398819485 0.17391877695  2.71287472891 0.19759636021 -0.275008439071  2.66467718664 0.210863028874 -0.735846579906  2.71052967301 0.0606171340662 0.163006858854  2.50742842445 0.0999014451018 -0.243963342382  2.2990127358 0.0481874799324 -0.671916281665 
3.437316424 2.71538758122 0.158594828303 0.393386449165  2.6634869525 0.270903826504 0.17501482889  2.70387548767 0.193273329107 -0.272159345956  2.6618012009 0.211514766967 -0.737693920416  2.69225231908 0.0628992553453 0.162518141201  2.50349824464 0.0937188211073 -0.251243464054  2.25296977438 0.0480003257913 -0.670108007071 
3.473163517 2.69795154946 0.158929374242 0.394645424344  2.64856019315 0.272795068062 0.176486426078  2.69570705728 0.1892304982 -0.268948927768  2.65848332936 0.212904632099 -0.736425658717  2.67314733713 0.0642889175296 0.163504646314  2.49526020703 0.0899004543605 -0.255195841631  2.21350518405 0.0522568641794 -0.663326001757 
3.506415631 2.67715172017 0.156667960559 0.385686089125  2.63691147743 0.272337688848 0.16675128515  2.68601856325 0.185097573818 -0.277838418548  2.6615428632 0.215572016995 -0.743688121127  2.65934285902 0.0636392543962 0.153394025023  2.49534121391 0.0872248259959 -0.270888072153  2.18948684241 0.052280579666 -0.671766709432 
3.539779003 2.65734019827 0.155696803193 0.385131901643  2.61762485267 0.274056978356 0.167471876013  2.66589184488 0.187997356456 -0.27749355702  2.65230656892 0.221265784948 -0.728778724408  2.63926032674 0.0654243750259 0.151709040197  2.48257727762 0.0881435031714 -0.275487268433  2.1615500794 0.0568088316934 -0.665993779666 
3.571158934 2.6357655055 0.154061836249 0.38737960052  2.59187193732 0.274201476045 0.171520249418  2.64161577298 0.179990324536 -0.271575682205  2.64304145759 0.219431156189 -0.723702213324  2.6117300607 0.0655404695803 0.153838169641  2.46467397086 0.0829559068913 -0.276986226108  2.13577979786 0.0571367208901 -0.670531038522 
3.605849374 2.6153771021 0.150503167609 0.390446753047  2.57066029116 0.271279645201 0.175068194154  2.63919027806 0.175308247755 -0.264772389604  2.64566598071 0.215707685605 -0.724321790835  2.5870335517 0.0623291972243 0.157216510479  2.44772649482 0.0743731267441 -0.276387225868  2.12845875814 0.0532865810833 -0.672965337802 
3.638546314 2.59140055877 0.146077695016 0.391240237114  2.54528726237 0.268190135497 0.176902073365  2.61453307085 0.17183417342 -0.262977865439  2.63755903873 0.214215086856 -0.728096114084  2.55847936775 0.0591056082996 0.158150804207  2.42989278091 0.064777663288 -0.278815505087  2.11551585948 0.0540029298732 -0.679752155495 
3.669408785 2.56747625356 0.142568573934 0.390777922649  2.52467349848 0.266574916956 0.176822666051  2.60227477749 0.170937506688 -0.261854681984  2.63733807954 0.215018812241 -0.730538496085  2.53423864738 0.0573896722431 0.157055419005  2.41534274107 0.0584493055519 -0.282699118634  2.11378317297 0.0543831916056 -0.684952405478 
3.707020925 2.54661594017 0.137997849117 0.396601607672  2.50108222658 0.264399567849 0.184637968771  2.5713217001 0.165294967454 -0.254534530445  2.62887301175 0.2146647925 -0.725421399562  2.51012539304 0.0554445610871 0.162438106455  2.40337670185 0.0538935975356 -0.280382943088  2.11488109972 0.054117589712 -0.678040666347 
3.737539703 2.52767971465 0.132612540913 0.405855156233  2.48244702348 0.260826074105 0.194895651358  2.53469330438 0.166304110254 -0.247468523709  2.62758444995 0.212843452928 -0.723862617973  2.4884623534 0.0518805777057 0.171477660515  2.39230375454 0.0467098982625 -0.273753782542  2.11733644035 0.0539834396428 -0.673176966869 
3.771207657 2.5054849091 0.128026781286 0.406351392544  2.46207277127 0.257531779296 0.195784687989  2.49247550279 0.171488937479 -0.249948547468  2.61322089377 0.212417939352 -0.732668656521  2.46634981648 0.0486472048558 0.171486210367  2.38858843015 0.0413293533043 -0.277054702733  2.11737229787 0.055033950181 -0.680606654501 
3.806686473 2.48720639445 0.12188010007 0.413764026824  2.44335236049 0.252771136191 0.204148312661  2.44578631635 0.172151928212 -0.243148693351  2.60057858758 0.212100479584 -0.725420196998  2.44402686391 0.0439136290541 0.179134516241  2.37532602504 0.0348186768421 -0.271027096644  2.11591285298 0.0544200875509 -0.673660726289 
3.838824328 2.46859020159 0.116086277112 0.412892482656  2.42825618495 0.246714943655 0.202411933176  2.39666300922 0.17509254367 -0.244594145846  2.59003803462 0.208872184641 -0.735621879471  2.42689309356 0.0377929720935 0.178107189651  2.36756822526 0.0289064474184 -0.273475432406  2.12146970819 0.0544325515049 -0.681695536739 
3.870666403 2.4513087254 0.109884683177 0.411577116447  2.41360580935 0.241297226267 0.201084609671  2.35035808819 0.173729824755 -0.243066372609  2.5724211047 0.20955382159 -0.731282032046  2.40993754076 0.032428888511 0.176445829202  2.35276987146 0.0306013126472 -0.275580328  2.12335130439 0.0549385627498 -0.679991625194 
3.906405101 2.43663589275 0.105104775459 0.411945822687  2.4022596336 0.237359364155 0.201407985088  2.31048728303 0.167219302324 -0.23747607723  2.54369016093 0.213563329093 -0.723660588621  2.39541900023 0.0286012156288 0.176473134729  2.3473870438 0.0337637570168 -0.276543137817  2.12862987786 0.05583587523 -0.67663709136 
3.937243267 2.42531635878 0.100213971551 0.419609438485  2.39269668943 0.233176406665 0.209232528882  2.26929425077 0.160834827894 -0.221272724625  2.50945243392 0.213592179771 -0.70567480612  2.38118857507 0.024624543637 0.184364223988  2.34232479544 0.0389973924444 -0.26926971224  2.12983596623 0.0558666451936 -0.667437388759 
3.970818470 2.41543748999 0.097217605003 0.426810585612  2.38220136448 0.231314780589 0.217274864796  2.22752847432 0.154760745647 -0.202112598066  2.46500396972 0.216537878319 -0.696706198027  2.3667523295 0.0230971182495 0.192017780433  2.34662778706 0.0423035415204 -0.262396620136  2.12858376495 0.0568791680598 -0.667518316777 
4.6486698 2.40367310301 0.093376154014 0.427683278972  2.37223458269 0.228361313803 0.218429823892  2.19890594208 0.154760320076 -0.194938374887  2.41826691583 0.217219286234 -0.694213106431  2.35351161946 0.020457989566 0.19281532968  2.34420198926 0.0475721025563 -0.26163269521  2.12725439919 0.0540539182732 -0.675803468144 
4.39413349 2.39182888275 0.0891473507421 0.428359561492  2.36198874842 0.225532006759 0.219776907425  2.17100605672 0.157887201236 -0.187186868597  2.36386387578 0.218758164159 -0.682840286968  2.34171353364 0.0179150232556 0.192961674286  2.33758161305 0.0520042681798 -0.261250743402  2.12743897092 0.0523162480528 -0.677155519603 
4.71756540 2.38110233115 0.0860600463266 0.428240155092  2.35412083703 0.223192210403 0.219760243211  2.13825865509 0.165021785538 -0.203786266131  2.31118666101 0.218457540367 -0.674613225798  2.33287149768 0.015751519555 0.192173590309  2.33253765552 0.0548066368898 -0.26177648171  2.13027052029 0.0512869653933 -0.676441296605 
4.105893971 2.37277302154 0.0818227110439 0.433828503558  2.34799196501 0.219646167382 0.225531078712  2.11494176807 0.1671425495 -0.19961952399  2.25940473617 0.215860639957 -0.661533201608  2.32717572747 0.0122703546819 0.197015530177  2.32841168836 0.0576188852231 -0.25640354175  2.1318613681 0.0492577773586 -0.670986468465 
4.140614792 2.3613758054 0.0781342841697 0.430318657727  2.33722658313 0.217084100861 0.222691396575  2.08527865804 0.167283630116 -0.206037841545  2.19850922379 0.215642810684 -0.662994769919  2.31876043759 0.00969535734011 0.192623105033  2.3201926734 0.0592842946387 -0.260406044519  2.1308676795 0.0512982400172 -0.678813979463 
4.175756551 2.35274644856 0.0747281550602 0.437174280245  2.32382671878 0.215446157964 0.231398110835  2.09128652452 0.174806189416 -0.183818503261  2.13624709316 0.216466541333 -0.641370822955  2.30663546873 0.00821422225695 0.199621684727  2.30980914547 0.0621376309791 -0.252926209015  2.1270229913 0.0529433865699 -0.66672564747 
4.207528085 2.34463222412 0.0690217653917 0.440554314933  2.31481674284 0.209657199698 0.234816845102  2.09647356524 0.174685648777 -0.176044962744  2.07780815009 0.211781084976 -0.64012774941  2.29922119576 0.00231980873126 0.202891304246  2.31885409418 0.0591469720643 -0.24861145342  2.13117216578 0.0488406567545 -0.669588516714 
4.240426450 2.33209512556 0.0667207473555 0.441197824119  2.30018125464 0.209211085758 0.237051151791  2.08969132786 0.181398560265 -0.172275711757  2.00876543659 0.214839959175 -0.6340425959  2.28725366736 0.00204526297153 0.202861868225  2.30997833603 0.0673313610012 -0.247432130046  2.12482886868 0.0540984421396 -0.673962272711 
4.274312310 2.32275724593 0.0652178520326 0.442688855734  2.29113512201 0.208497215859 0.239046836265  2.0920929304 0.183052270869 -0.173015970213  1.95766320699 0.208952594953 -0.622146534167  2.28015284261 0.00143381721101 0.203700746236  2.3086822091 0.0637314531336 -0.246771496013  2.13081202427 0.0555753813839 -0.672132704845 
4.307904974 2.31185733749 0.0610269626907 0.436837119648  2.2794444432 0.203682353581 0.232875507747  2.09021912536 0.180654360544 -0.182422472729  1.89866887859 0.198508713704 -0.617245133387  2.27253345339 -0.00355832198266 0.197496932061  2.29447444836 0.0559521422175 -0.253753087502  2.13334448175 0.052610283722 -0.678697960729 
4.339859704 2.30092107184 0.0616371520118 0.441163148589  2.26927673062 0.205422687937 0.237889842581  2.08848057226 0.189906612459 -0.180714046543  1.8470039289 0.196405237184 -0.595019174568  2.26521534345 -0.00158897325321 0.200906825275  2.2831265389 0.0622017915438 -0.249971353314  2.13615773147 0.0607494046208 -0.665850253777 
4.375051958 2.28990325232 0.0636042975152 0.44387702573  2.25665344108 0.209540317351 0.242411190218  2.08626718411 0.193006793538 -0.1801287723  1.79397480551 0.190430829751 -0.586996579878  2.25215942738 0.00293022012277 0.203283460146  2.27494341859 0.0691684973255 -0.247044321302  2.13068970443 0.0634073397054 -0.665767775196 
4.407185064 2.27730656153 0.0678187440429 0.445069821023  2.24182383913 0.216228907288 0.245803334534  2.07783308914 0.197582217269 -0.179075488146  1.7519595824 0.185345775518 -0.582366664805  2.24092356178 0.0101790191832 0.203521660597  2.26119585037 0.071159032155 -0.247674306205  2.13163524318 0.0662089102562 -0.66783821324 
4.440156484 2.26546327833 0.0719398248077 0.443341959252  2.23273836642 0.220776496596 0.243955772692  2.07622419587 0.19518377386 -0.183257580625  1.72683215964 0.176907633903 -0.585729670652  2.23451386681 0.0149257149995 0.200917680235  2.25541922972 0.0704079580798 -0.250965514234  2.13755395786 0.0632163477683 -0.667152199824 
4.474869972 2.25173059378 0.0757065208857 0.442063994559  2.22130279912 0.225019771241 0.242638141967  2.06060776046 0.190723892889 -0.182362366402  1.74387708076 0.179138561991 -0.550471859726  2.22086589678 0.0191653575557 0.19949178127  2.24288014608 0.0747666766697 -0.252360716589  2.13133595746 0.0624729281693 -0.663218278058 
4.506694237 2.23845006064 0.0800826165128 0.442203203497  2.20641923951 0.229392900775 0.243012143781  2.04589756413 0.189124214221 -0.181580406241  1.74893999804 0.180337127952 -0.535369766507  2.20567618492 0.0235209955779 0.199874634306  2.2336753165 0.0736993897456 -0.252228740029  2.12879885798 0.0619864114342 -0.661012397157 
4.537556498 2.22521372232 0.0830550868139 0.442399052898  2.19366214871 0.232583649814 0.243284087003  2.03521190603 0.186263823408 -0.181488829514  1.75873040368 0.179360250462 -0.536247549051  2.19518569346 0.0268042059456 0.199633568714  2.23305835227 0.0803206719643 -0.251290459564  2.1314909928 0.0606070420505 -0.663440629702 
4.575737011 2.20882942581 0.0856722675368 0.439797733686  2.17554860642 0.233854640408 0.239955418186  2.01605639298 0.182630299677 -0.183890584103  1.76225954258 0.177908420163 -0.547473575198  2.18078455697 0.027964892946 0.197133804718  2.22172974148 0.0768334629936 -0.254098798079  2.1240942629 0.0583132679325 -0.66611150097 
4.608207035 2.19075858902 0.0891106777215 0.433434793472  2.15534129737 0.236281339253 0.23321861497  2.00190071323 0.184638121215 -0.192800444216  1.76455635703 0.178036983898 -0.563828136857  2.16205820789 0.0303098940455 0.191115318816  2.20320944671 0.0792483729921 -0.260150121652  2.11851049762 0.0609119336405 -0.670329375967 
4.639493727 2.16976932132 0.0892786914439 0.430911646693  2.12758470312 0.234062197381 0.230331433601  1.98056903207 0.183732937269 -0.198092861588  1.75612798359 0.174238246884 -0.575443218203  2.13796861166 0.0279376017326 0.189664647414  2.19168698908 0.0785592056067 -0.259939385968  2.11202004927 0.057928362589 -0.66510211824 
4.676060471 2.15275950079 0.104478458065 0.431164211615  2.12056535027 0.253706061978 0.232076622348  1.98220650203 0.210094774949 -0.199850115528  1.7757974243 0.194854453778 -0.586123405199  2.1212412403 0.0478769552677 0.188792745356  2.18883069102 0.107213804795 -0.257659712391  2.1177985283 0.081112301814 -0.665173184387 
4.705891167 2.13436053524 0.114286656168 0.430143435692  2.10516564976 0.264349010783 0.231202075642  1.96257907143 0.20908113779 -0.197921454565  1.76701180177 0.18581253613 -0.589176412478  2.10193431097 0.0588281973682 0.187612121694  2.17729995277 0.0990272847793 -0.259459047477  2.111843228 0.0725408077709 -0.667763982825 
4.739342331 2.11330261342 0.110276164694 0.409665577251  2.09502447232 0.260528386374 0.209915186623  1.9498390483 0.198471242971 -0.217485860893  1.76817606157 0.172660944337 -0.615078516364  2.09569938189 0.0549847639741 0.165856468326  2.17425059463 0.0883392471501 -0.281508627341  2.12133075559 0.0590641427914 -0.687022440526 
4.776511253 2.09415385297 0.114995035092 0.392928800664  2.08087498808 0.256054457447 0.186337113597  1.92482895221 0.201335439434 -0.238123769515  1.7521903913 0.168764340209 -0.639274990849  2.08497230139 0.0487359529038 0.151517335366  2.15117412251 0.0877391028762 -0.297380918064  2.11354832319 0.0571028028645 -0.67855769026 
4.805748920 2.0751171988 0.116712082476 0.385642341049  2.06444380837 0.25238066052 0.175211334719  1.90334758496 0.203297640801 -0.248141100888  1.73825090218 0.165732184514 -0.652107764353  2.07297131868 0.0445574954306 0.145663085625  2.14091553197 0.0957587337735 -0.301780874279  2.10863233431 0.0588692833728 -0.66950982064 
4.838530649 2.05624315064 0.117275558375 0.379475113014  2.04577483986 0.251180717067 0.167697533055  1.89336692977 0.209384533462 -0.25958028847  1.72381897787 0.167259398958 -0.661345565346  2.05500987711 0.0431084281422 0.139918263295  2.11714058967 0.100722353413 -0.307696192222  2.09931665014 0.0606002405179 -0.670594259078 
4.874724577 2.0371195895 0.119438192598 0.374565057526  2.02562149467 0.25231130405 0.162055044216  1.87980352555 0.214549232786 -0.267951851198  1.71864487029 0.165845378488 -0.672373134231  2.03606967106 0.0440423986406 0.13526984959  2.09841545767 0.105902933436 -0.31186360391  2.09469702168 0.0625057602007 -0.668567569745 
4.905636566 2.01964044664 0.124135508459 0.374663937648  2.00996461761 0.256454435016 0.161648714397  1.87539627001 0.218454596847 -0.271936972948  1.71403082869 0.169455560514 -0.676367196873  2.018750688 0.0479566111475 0.135554687986  2.08109319197 0.105587157833 -0.312202010741  2.0919956119 0.0651990905794 -0.664175164803 
4.938468790 2.00281963965 0.126879503375 0.375719663497  1.99118409421 0.259096791568 0.162706507381  1.86669361729 0.220880391906 -0.273867452456  1.70765619625 0.166850968618 -0.67860453918  2.00107783055 0.0506181139194 0.136612110691  2.05288226869 0.100666689828 -0.313250826794  2.08648731256 0.0658078044771 -0.663173435586 
4.974500825 1.98694449809 0.133622197137 0.37715645887  1.97402562747 0.265969928005 0.164278637668  1.86341038427 0.227036843469 -0.275848153287  1.70544108948 0.169971199739 -0.680624794715  1.98439568135 0.0575190231015 0.137988255341  2.02710785009 0.101723937683 -0.313427489932  2.07839038234 0.0699832889567 -0.66074036141 
5.6601315 1.97219656811 0.138796825582 0.380920093365  1.95944639937 0.27057726581 0.167670750547  1.85932957911 0.226877603016 -0.274542352165  1.706243466 0.167471721485 -0.680848430475  1.96757231567 0.0619352897361 0.142016973143  1.9880323298 0.0924771510839 -0.311448556116  2.06819947437 0.068966207456 -0.659033048586 
5.39607027 1.95789274194 0.139307820405 0.383292612947  1.94372985447 0.270604185619 0.169829804859  1.85349866017 0.223498354913 -0.274198000913  1.70501642333 0.163921774961 -0.682189856632  1.95384918002 0.0620142035616 0.144514704215  1.95042372668 0.0835458071903 -0.309638267825  2.05578446145 0.0633448315918 -0.657539960991 
5.74396363 1.94468181062 0.140073641019 0.385742002293  1.9268776916 0.269451688414 0.171395342224  1.84555835539 0.222501331728 -0.274420780584  1.70516924614 0.163351264658 -0.685271644303  1.94054463007 0.0608850233741 0.147599088412  1.91489334163 0.0845716547682 -0.305763869737  2.03444855311 0.0600090178996 -0.652936000784 
5.106077172 1.93215494917 0.142649156529 0.386689283414  1.91322278055 0.270803383863 0.171706107103  1.8424389705 0.22133876839 -0.275618248374  1.70908365352 0.165220221297 -0.689209036611  1.92765168599 0.06219477521 0.148978576078  1.87971804804 0.0880431899909 -0.302462562552  2.00496420727 0.0583819908048 -0.646624979396 
5.135581496 1.91995462077 0.145767382588 0.386807217633  1.90082848366 0.273107781695 0.171347876263  1.83615418856 0.21840559406 -0.276345428658  1.71149892211 0.165402496404 -0.69300506599  1.91510114242 0.0643852160172 0.149410201769  1.84024636466 0.0936399764609 -0.297871505699  1.96687014138 0.0507374645859 -0.640568198844 
5.175305448 1.90907851979 0.147207787584 0.387609503677  1.88964928368 0.273556501618 0.171589082488  1.83020781731 0.208500832838 -0.275392770097  1.71137087702 0.162071227624 -0.694521545012  1.9047342018 0.0647860034378 0.150556861553  1.81790678041 0.0921109561095 -0.295219079891  1.9218332213 0.0421556226729 -0.630848367886 
5.203863553 1.89897231482 0.148757066869 0.388123945096  1.87901878784 0.274480931564 0.171783579543  1.82526617384 0.20645401598 -0.275555227531  1.71085087058 0.157356351446 -0.695671445446  1.89467377635 0.0656947494428 0.151291029366  1.77357876742 0.0711279594212 -0.285707808667  1.9100601692 0.0816738403841 -0.652573666439 
5.237458870 1.88964883013 0.15013583206 0.389951066745  1.87020006678 0.273926211671 0.17246186511  1.82112415916 0.217818640048 -0.27696103507  1.71552800479 0.126846686924 -0.69017719993  1.88722102912 0.0650701111665 0.153812022318  1.74218920566 0.0571387999314 -0.276098501472  1.87066336285 0.0865866900564 -0.668849583738 
5.274376292 1.87953397836 0.146945334701 0.391222344134  1.85802479349 0.269126606402 0.173018962445  1.82394051543 0.229282288698 -0.279102830084  1.70283138224 0.0989901415683 -0.675890165988  1.87843076929 0.0604782667442 0.155583401652  1.71215022153 0.0451084619308 -0.266793428974  1.81421902824 0.0767055623145 -0.6783681142 
5.306138118 1.86891935637 0.146620283504 0.391451203924  1.84763356527 0.265713360225 0.171548007572  1.81608546954 0.213325823688 -0.279637652304  1.70779473874 0.123700174143 -0.690513353165  1.86754590058 0.0568132029581 0.157087546249  1.68370384853 0.0430482530713 -0.258472493186  1.74790783371 0.0491963961628 -0.682800548847 
5.340371861 1.85977701349 0.150238520797 0.392647709674  1.84152919136 0.265836598301 0.170639643764  1.81242410938 0.208108738706 -0.280282902527  1.72194577221 0.138221733386 -0.700378273309  1.8585203994 0.0564584868832 0.159866571101  1.65954762673 0.0447763938633 -0.249066322302  1.68709455441 0.0317839642259 -0.679742891385 
5.375398171 1.8504559677 0.150168265611 0.392340950699  1.83374172182 0.261730521112 0.168179741949  1.8082039108 0.201240726988 -0.282724903627  1.71963312377 0.139821532631 -0.705958098798  1.84910989844 0.0520938130343 0.161357847123  1.64178692028 0.0403033862722 -0.243811099592  1.61821514816 0.00794461133356 -0.673539330271 
5.405676065 1.83987833752 0.149601332226 0.393554795705  1.82454214735 0.258824786636 0.168129528549  1.7919654986 0.20340462303 -0.282976217271  1.74356574276 0.134874934749 -0.710415217958  1.83844133895 0.0490295038269 0.163631735798  1.62798115748 0.037541223897 -0.240219633475  1.55024269074 -0.00215896323342 -0.662746050809 
5.442717456 1.82960807422 0.150573508246 0.394627739924  1.81620621207 0.258545123448 0.168453716883  1.78177834633 0.208247069131 -0.283166273846  1.76319430147 0.128924964124 -0.711280097186  1.82736395442 0.0485389731777 0.165333314573  1.61341012517 0.0374943335216 -0.236833898801  1.49719294009 -0.00591018424963 -0.651785772939 
5.475489895 1.81824589365 0.149280711384 0.393893345625  1.80475321161 0.257017432453 0.167598244426  1.77456386319 0.20839346597 -0.284543688752  1.76051511375 0.123992421019 -0.713082150333  1.81482941217 0.0469462719539 0.164732789937  1.59861656479 0.033023648536 -0.2362070897  1.45534886381 -0.00952816250597 -0.644530858494 
5.503502045 1.8081919624 0.14368797731 0.394787486559  1.79519598184 0.252721331063 0.169076840933  1.76965738796 0.204390304637 -0.283399932936  1.76659999234 0.114689586924 -0.71157252913  1.80557417997 0.042661440289 0.165028707112  1.58859473846 0.0271389262074 -0.235488714875  1.42510513269 -0.014371714607 -0.637589219083 
5.541051467 1.79691401817 0.142027138765 0.395814108796  1.78619550266 0.251222533965 0.170056183076  1.76508462289 0.207706755126 -0.283121778933  1.76787285051 0.108380006028 -0.709435143668  1.79415963881 0.0410459236601 0.166031129411  1.57451613902 0.0257999004948 -0.233060196364  1.39908267784 -0.0100852844664 -0.631645703087 
5.577067088 1.78416793021 0.138976310696 0.394339454687  1.77379096835 0.247655242917 0.168314025882  1.75459929652 0.199479375913 -0.28448966034  1.76731908599 0.11819570834 -0.714206931185  1.78164353407 0.0374704878238 0.164782686005  1.56173063389 0.0200547153626 -0.234085952013  1.38464664291 -0.0115158222647 -0.633014363439 
5.608583280 1.77044685903 0.138119967571 0.392980923544  1.76182929676 0.246556337285 0.166760389399  1.7487280668 0.201217894996 -0.286537246195  1.77129588062 0.119603796373 -0.716070593254  1.76627292873 0.0362551069626 0.163602597201  1.55072854695 0.0196788414383 -0.237660618631  1.37658069239 -0.00814332953842 -0.638503469553 
5.642870173 1.75592038038 0.130835124173 0.388582295262  1.74819563936 0.239747723973 0.162562578761  1.7401033207 0.194247785801 -0.290850416419  1.77192650473 0.113198990645 -0.720059120961  1.75121983626 0.0294497366517 0.159005988065  1.54521816746 0.0112470451508 -0.247047759645  1.3786529366 -0.0151227263761 -0.651313596794 
5.676967306 1.74064816553 0.127240906088 0.385518386517  1.73488680247 0.236530725624 0.159619588707  1.73962771233 0.196992138302 -0.29421360437  1.76701776791 0.120868741901 -0.724752157129  1.73516832275 0.0262038547847 0.15580324246  1.54095081218 0.00819366376848 -0.25589981001  1.3781801063 -0.0118030736482 -0.662145199061 
5.708853590 1.72526133823 0.120691777303 0.382650278973  1.72117526845 0.229753407803 0.156606318149  1.73333024356 0.189589283139 -0.297100696716  1.7673288756 0.129629492861 -0.729475607979  1.71936914313 0.019436710722 0.153042970294  1.5361726217 -0.00152173731252 -0.263501736429  1.37249785295 -0.0186255546949 -0.669613439908 
5.743369565 1.71006664839 0.115764841607 0.381075871896  1.70672386461 0.224870221785 0.155038973161  1.72960258576 0.187343572425 -0.298439824869  1.76312681274 0.136852316781 -0.732188361099  1.7037141259 0.0145636006208 0.15145530502  1.52576869789 -0.00732185868871 -0.267434315401  1.37267994349 -0.0163005227455 -0.677733252589 
5.776008537 1.6928501009 0.106697380296 0.373435065995  1.69133081107 0.211899462118 0.145571286783  1.71890437227 0.170579052537 -0.307390225026  1.76497652789 0.132415983244 -0.741060926487  1.6875415447 0.00156574515687 0.145595958908  1.51830069701 -0.0212631912808 -0.276830955449  1.36851403756 -0.0237186975326 -0.688518698712 
5.807311291 1.67557606558 0.0956720788075 0.365820871634  1.67412720886 0.201596908691 0.13828210437  1.70542999593 0.166042885489 -0.314951760004  1.77204377131 0.132143960253 -0.746048745415  1.6724695317 -0.00873884034954 0.137600408801  1.51101416802 -0.0244190217262 -0.288144649388  1.36518292117 -0.0196546705381 -0.701252939406 
5.841970791 1.65944863475 0.0878914714723 0.360920906459  1.6581838592 0.194231463165 0.133562512664  1.69708404858 0.161715309667 -0.319301704934  1.7740667033 0.133572159822 -0.749311753334  1.65752935448 -0.0161164663339 0.132491226009  1.50340977414 -0.0259533495092 -0.296147947871  1.36038112267 -0.0175721533861 -0.710246696182 
5.874330954 1.64367850631 0.0822954357622 0.3589069263  1.64316373096 0.188512352817 0.131478995449  1.68919783098 0.156731943297 -0.320780374696  1.76712905033 0.139955084168 -0.751340109198  1.64201459781 -0.0218473582837 0.130527644692  1.49718345359 -0.0305740617718 -0.301365179639  1.35581284677 -0.0124835471194 -0.715666967488 
5.903682464 1.62832954049 0.0710593411742 0.356712341567  1.62672345627 0.177421578928 0.129353079275  1.6705251251 0.147760805372 -0.323324556596  1.77629074634 0.124132867455 -0.746768182402  1.62923203742 -0.0329344604431 0.128256573481  1.49519823512 -0.0393187570981 -0.307108885726  1.35752157103 -0.0148143609265 -0.722345806772 
5.941548688 1.61465047901 0.0655924253886 0.355510304411  1.61269845048 0.170471255805 0.127474560235  1.65889584288 0.14837675997 -0.325364858117  1.78670466067 0.104288530096 -0.74048550581  1.61680981963 -0.039835545196 0.12773016037  1.49078707927 -0.0359195499735 -0.309983015031  1.35494195461 -0.0111116840921 -0.725877901789 
5.974841031 1.60111877131 0.0531448849917 0.351388131215  1.59709777446 0.157363776625 0.123074226915  1.63934568763 0.139139566576 -0.330341898122  1.79011521131 0.0988305958467 -0.738270552517  1.60723087346 -0.0527455153791 0.123891572509  1.48925914697 -0.048011226576 -0.316137428364  1.35306864797 -0.0119627651919 -0.730983485728 
6.6967014 1.58740431388 0.0435175572413 0.347234403515  1.58227516404 0.147152296397 0.118692475941  1.62546578891 0.138952015592 -0.334858753876  1.78457344171 0.102292809988 -0.740676232845  1.59638116403 -0.0626524422868 0.119978862118  1.48120273312 -0.0477026357159 -0.320556954435  1.35291015907 -0.00713523586685 -0.73749062626 
6.43025867 1.57391041993 0.0399690839084 0.344376054643  1.56846608621 0.142784295234 0.11546892437  1.60490118791 0.142124516958 -0.338712804315  1.77871936645 0.122934771517 -0.739460085854  1.58491583839 -0.0668561701618 0.117514457211  1.47388752097 -0.0436596480598 -0.323757244947  1.35188972557 0.00119010828534 -0.74216780757 
6.76137879 1.56387710555 0.0355236849628 0.342875359076  1.55913113774 0.13748946114 0.113569102092  1.58728473154 0.139984223978 -0.341203309675  1.78092992988 0.131562083714 -0.732973582743  1.57699300212 -0.0720553417201 0.116478643418  1.47318866559 -0.0455268686444 -0.326397501169  1.35387115759 0.00157185613361 -0.745404631255 
6.108950058 1.55416622663 0.0173567696387 0.340656186983  1.54459042908 0.117520596694 0.110702471543  1.55967966668 0.12646369106 -0.344467276879  1.76026821848 0.122508205329 -0.733378780286  1.57117690427 -0.0910973476421 0.114931988146  1.47172057324 -0.0607566103653 -0.32875052312  1.35606308777 -0.0112642945675 -0.748534155907 
6.144007308 1.54551157975 0.00959411501514 0.337306884056  1.53472276963 0.10986402816 0.107491905983  1.53958281923 0.136452981865 -0.346917154231  1.74512569646 0.140340989673 -0.733505433649  1.56636270751 -0.0978810185849 0.111476042695  1.46764459589 -0.0488625518508 -0.330364949067  1.36193071147 -0.00145917734185 -0.752907468476 
6.175725414 1.53803930795 0.0023515085846 0.335027736699  1.52572132094 0.103749058268 0.105776408651  1.51583770222 0.135022810415 -0.348299726923  1.72513312636 0.145378788551 -0.732927479353  1.56134562748 -0.103409319179 0.108619478482  1.46517045738 -0.0467895476331 -0.333033335975  1.35785623983 -0.00166467860582 -0.755496564838 
6.204169886 1.53078712318 -0.00169662281722 0.334381828279  1.51629493951 0.101062896933 0.105857574258  1.49586369513 0.137944032213 -0.347574769521  1.69648785479 0.143553884747 -0.736903692492  1.55548686537 -0.105507027467 0.107212105594  1.46072671345 -0.0427944620272 -0.334031488597  1.35867103122 0.00379277143911 -0.757647202597 
6.245084433 1.52271619721 -0.00277838521333 0.332450888687  1.50576184277 0.106937698026 0.107463203768  1.4744935768 0.140112960064 -0.345715438094  1.6513363469 0.17565700564 -0.74310604129  1.54679285383 -0.0992358878323 0.102101847001  1.45483090882 -0.033849506877 -0.339427157859  1.35683869477 0.0142058735343 -0.763856363347 
6.273986789 1.51550831544 -0.00580285579262 0.330509692018  1.49630614936 0.109216464258 0.10839823606  1.44986957482 0.136210190171 -0.34377589452  1.61450831814 0.179435984132 -0.746357614998  1.54066526256 -0.095993989869 0.0977775897238  1.45281893038 -0.035478954575 -0.345290370683  1.36038091328 0.011877441111 -0.771035270401 
6.307961069 1.50696812708 -0.00257239981581 0.326328021728  1.48629744597 0.118133373905 0.107405551266  1.4183486677 0.147389212572 -0.341608572927  1.57365268802 0.187813336503 -0.748680951255  1.53215848933 -0.0863715693338 0.0912381464835  1.44867580705 -0.0276292383482 -0.352937389156  1.35403783948 0.0200243828385 -0.77819491507 
6.345711147 1.49867134281 0.00117677434404 0.321544543903  1.47701481702 0.124970536158 0.104395102575  1.39305996427 0.148645452079 -0.342295827449  1.52073161406 0.193247010521 -0.757798554717  1.52389733171 -0.0790459542319 0.0851642785128  1.44626903853 -0.0273448729517 -0.360885805609  1.34810044195 0.0179549526125 -0.785599068066 
6.376327285 1.49268184147 -0.00152794884187 0.319005076158  1.47029447723 0.124570967711 0.103211976015  1.37751736459 0.148157266326 -0.342004968355  1.45143166525 0.189174383531 -0.767872640984  1.51995945149 -0.0786256577224 0.0817698380214  1.44906334611 -0.031259222734 -0.365873486771  1.34452184786 0.00880018101414 -0.789530939687 
6.406712247 1.4856410442 0.00321969904579 0.316732824188  1.46354103012 0.131401021029 0.10211033151  1.35953184371 0.162897617742 -0.340127979684  1.39607211315 0.200485535775 -0.771544739884  1.51321673895 -0.0716086994575 0.0787793384966  1.44392841886 -0.0237507805971 -0.369131646621  1.34086921292 0.0181158185373 -0.793022442383 
6.443685402 1.47913322375 0.00248004921044 0.313829771921  1.45688440399 0.131992946041 0.0999998670695  1.34452243746 0.164639811144 -0.340247095694  1.35452976245 0.195306626468 -0.774627289927  1.50865312372 -0.0703886844823 0.0754803287704  1.44393451843 -0.0271122269553 -0.373568017493  1.34514301113 0.0140929307934 -0.798543942457 
6.476274855 1.47421037035 -0.000557778482595 0.31029152096  1.45118408385 0.129775273735 0.0970316568068  1.31214745806 0.163513059534 -0.335764982145  1.31716935223 0.178904816872 -0.773765397323  1.5067154921 -0.0715233198956 0.0717461745108  1.42646343175 -0.0231750963059 -0.37435295698  1.37668575678 -0.00241353560387 -0.809321463105 
6.507761923 1.46955704523 -0.00235386019047 0.307187839322  1.4455205043 0.128632857912 0.0944386600322  1.29342552542 0.168237111858 -0.333440938766  1.29593133379 0.175919677215 -0.771666015112  1.50482851712 -0.071482875777 0.0684945334928  1.41346499391 -0.0168116758817 -0.374727939752  1.38862374932 -0.00645109227048 -0.812200291135 
6.544787739 1.4640189457 -0.00264625347502 0.303193108688  1.43892283459 0.128546972471 0.090688302797  1.28566194711 0.173155158903 -0.336281944184  1.28691276452 0.176992626876 -0.774562893606  1.50074866549 -0.0707532612465 0.0644211689623  1.40514417025 -0.013423232935 -0.377569126229  1.39275264948 -0.00825536882935 -0.815662952786 
6.574317276 1.45975037735 -0.0023569994686 0.299762887551  1.43361776672 0.129505876325 0.0877935316342  1.28605229776 0.176766305356 -0.340894280823  1.28667665733 0.178684032259 -0.779189174477  1.49867332735 -0.0686884800513 0.0608344914047  1.40162253962 -0.0099220327969 -0.380651632824  1.39543561763 -0.00734210995844 -0.818899901117 
6.611109471 1.45554016816 -0.00394384912585 0.297057672303  1.42843013891 0.129465482513 0.0861908437802  1.2844593826 0.179623645086 -0.343389117502  1.2847707574 0.180582233876 -0.781687519527  1.49680404857 -0.06739624296 0.0577486370649  1.39661642304 -0.00876754831673 -0.383054568538  1.39352484257 -0.00747870125903 -0.821341300349 
6.641578592 1.45145446614 -0.00464316561472 0.293999673395  1.42294453456 0.129251900352 0.0836227486956  1.28501501893 0.18306589261 -0.347494283117  1.28516977928 0.183545110708 -0.785793539059  1.4947576461 -0.0662830912972 0.0545744502457  1.39515632198 -0.00708353268388 -0.386285398135  1.39361027606 -0.00643940098031 -0.824581779178 
6.675322463 1.44857580156 -0.00701036893387 0.29096123182  1.41907063033 0.127571656935 0.0811625731059  1.28837205494 0.184051042881 -0.351862032264  1.28844856909 0.184290621409 -0.790161593095  1.49479462255 -0.0663890787102 0.051511293982  1.39528778204 -0.00758958612556 -0.389423368589  1.39451419824 -0.00726759513927 -0.827722102323 
6.711201963 1.44596202947 -0.00841462391139 0.288858824429  1.41671393719 0.12693062655 0.07951757749  1.29345491073 0.189168111722 -0.354897024079  1.29349236283 0.189287893354 -0.793196523732  1.49413250511 -0.0662799197653 0.0494247027861  1.38845280841 -0.00435387819957 -0.389641696754  1.38806521153 -0.00419290178287 -0.82794101174 
6.741320547 1.44306725599 -0.00975839980329 0.288037484965  1.41402265348 0.126611860561 0.0793257843972  1.29739276083 0.191999272427 -0.356454350556  1.29741068189 0.19205916324 -0.794753911171  1.49255303311 -0.0660641205133 0.048492549164  1.38740934649 -0.00407529469111 -0.390693694874  1.38721474307 -0.00399481101567 -0.828993254709 
6.774741120 1.44112963328 -0.0104459898902 0.28717360048  1.41237506874 0.126638786272 0.0788835449657  1.30353678164 0.196223538159 -0.358260067704  1.3035449372 0.196253491192 -0.796559597766  1.49197600168 -0.0655491537608 0.0476281256244  1.38847855307 -0.00331238564284 -0.391913913646  1.38838038535 -0.00327214500039 -0.830213473835 
6.810953347 1.438556148 -0.0107834398339 0.287121424875  1.40977814491 0.127148656799 0.0793913670047  1.30681496771 0.198988381744 -0.358809487705  1.30681824051 0.199003365887 -0.797109048266  1.49065910253 -0.0644120660077 0.047508379485  1.38614358574 -0.00133013637662 -0.391672144815  1.38609363586 -0.001310016297 -0.829971644146 
6.842609363 1.43779565093 -0.0110554696431 0.287117551936  1.40824091405 0.127522628813 0.0799247741405  1.30906154967 0.198534822491 -0.359282579453  1.30906238109 0.198542329818 -0.79758207897  1.49093021567 -0.0631583380526 0.0473923048808  1.38906338366 -0.00179811271216 -0.392653661888  1.38903760374 -0.0017880526157 -0.830953222343 
6.874106278 1.43718786583 -0.0119638790869 0.287021240692  1.40672358344 0.126686609446 0.0800062616476  1.31055349387 0.19772335031 -0.359865836886  1.3105531046 0.197727103971 -0.798165336399  1.49121000053 -0.0631712078135 0.0472993473101  1.38696963549 -0.00183463468515 -0.392193754295  1.38695594054 -0.00182960469948 -0.830493314794 
6.911391697 1.43517492511 -0.0116618797593 0.28697797416  1.40501728269 0.127383609404 0.080181774507  1.31119984609 0.200471613182 -0.359862360256  1.31119884647 0.20047349001 -0.798161920803  1.48963358141 -0.0623769173394 0.0472489685791  1.38519778146 -0.000879433368821 -0.392175193099  1.38519006797 -0.000876918438772 -0.83047475362 
6.944132219 1.43425573519 -0.0113321073255 0.287181987546  1.40445563579 0.128327805949 0.0807460771071  1.31215516621 0.201276517814 -0.359641782711  1.31215392246 0.201277463855 -0.797941343256  1.48917251855 -0.0613262674826 0.0474041521574  1.3887162138 -0.00185510937923 -0.39322501071  1.38871155208 -0.00185385197677 -0.831524571243 
6.975436929 1.43419421193 -0.0109244861678 0.287636791239  1.40514765116 0.129597080342 0.081680553325  1.31345973559 0.200706698388 -0.359135867093  1.3134582477 0.200707171405 -0.797435427637  1.49013577174 -0.0598587651651 0.0478787885118  1.38843288968 -0.00153974176759 -0.392618381251  1.38842981487 -0.00153911306909 -0.83091794179 
7.11003677 1.43255724332 -0.00863624125753 0.288368364634  1.40462396187 0.133059038257 0.0830612467769  1.31132656144 0.200626734497 -0.357974573857  1.31132507355 0.200626978633 -0.796274103883  1.48701857631 -0.057354519413 0.0482240910995  1.38230642975 -0.00223863588389 -0.391980388777  1.38230408736 -0.00223832165681 -0.830279979836 
7.44690487 1.43258873679 -0.00902249163776 0.287798265642  1.40542754858 0.133667821116 0.0830820720722  1.31237015479 0.195938444874 -0.358783385063  1.31236854483 0.195938566938 -0.797082945607  1.48661024723 -0.057093858834 0.0474282704558  1.38561881685 -0.00700042639018 -0.394243248844  1.38561684068 -0.00700026951802 -0.832542809387 
7.77202347 1.43133336554 -0.00916489031485 0.2876134558  1.40363116189 0.133588423038 0.0830104996912  1.30750443629 0.195317028075 -0.35827354053  1.30750282633 0.195317089104 -0.796573101074  1.48522987467 -0.0569649423956 0.0471585764296  1.38270512458 -0.0081521933794 -0.394303022077  1.38270339254 -0.00815211518447 -0.832602613138 
7.110127810 1.43084141938 -0.0110554589478 0.284960259365  1.40338714073 0.131412213646 0.0801252314225  1.30870170102 0.192238602297 -0.361595505377  1.30870009106 0.192238632809 -0.799895065921  1.48272780059 -0.0601088534113 0.0443159800294  1.38101286569 -0.0117354973249 -0.397381232414  1.38101125572 -0.0117354582302 -0.835680792958 
7.144305680 1.43193395316 -0.0136245228897 0.283613697735  1.40324932814 0.129139996342 0.0791582366895  1.30657352744 0.191907722898 -0.361859199952  1.30657191748 0.191907738151 -0.800158729979  1.48612782319 -0.0608208503522 0.0431100196644  1.38752249257 -0.0086769101813 -0.398863250954  1.3875208826 -0.00867689016005 -0.837162811498 
7.174549281 1.42974766317 -0.010004395613 0.284321347367  1.4017179448 0.13298850146 0.0799385462696  1.30542641322 0.198277439143 -0.360796848327  1.30542480326 0.198277439137 -0.799096347835  1.48302368745 -0.0575839537953 0.0436914214474  1.37833376382 -0.00437607494531 -0.396753018227  1.37833215385 -0.00437606493765 -0.835052548254 
7.211274846 1.42982065554 -0.00935178265876 0.283428646903  1.40092753435 0.133582019674 0.0791203576446  1.30909622224 0.193199266588 -0.363367113271  1.30909461227 0.193199266582 -0.801666673815  1.48489611513 -0.0558725211363 0.0429931571233  1.3838363306 -0.00736259266663 -0.398839494738  1.38383472063 -0.00736258790417 -0.837139055282 
7.244332870 1.42924179407 -0.0082437811687 0.283434752545  1.40010160295 0.134462265664 0.0790030663669  1.30773379744 0.192441021837 -0.363590466421  1.30773218748 0.192441021832 -0.801889996448  1.48362731355 -0.055191865549 0.0429259163004  1.37974063699 -0.00968307279886 -0.39857025362  1.37973902702 -0.00968307089742 -0.836869814164 
7.276778449 1.43004294332 -0.00816870021535 0.283995418548  1.4010271417 0.134584781881 0.079574184183  1.30881998575 0.190955201242 -0.363260483839  1.30881837579 0.190955201236 -0.801560044383  1.4836592986 -0.05545580815 0.0433760657191  1.38207145314 -0.0114455993325 -0.398806407201  1.38206984318 -0.0114455983848 -0.837105967745 
7.311582173 1.43170251031 -0.0133852687883 0.284523213966  1.4018262359 0.129034522365 0.0799940726053  1.30706232285 0.184279917076 -0.362442484218  1.30706071288 0.18427991707 -0.800741983727  1.48404945761 -0.061177013382 0.0437248496864  1.38381207557 -0.0173730068793 -0.398786210958  1.38381046561 -0.0173730068852 -0.837085771502 
7.345456509 1.431881716 -0.0148752173565 0.284793568532  1.40145319575 0.127577688109 0.0803678685312  1.30607060589 0.190667730816 -0.360885138046  1.30606899592 0.19066773081 -0.799184668073  1.48286171999 -0.0629233289325 0.043752213058  1.38247123575 -0.0111361992129 -0.397860943581  1.38246962579 -0.0111361992188 -0.836160473608 
7.376464810 1.43130505762 -0.0144600650176 0.285693717134  1.40143891447 0.128470067817 0.0815182134323  1.30922269953 0.192973513268 -0.360203234342  1.30922108957 0.192973513263 -0.79850273385  1.47984890544 -0.0631661531096 0.0442815972937  1.38429007862 -0.0102413637355 -0.398267658026  1.38428846866 -0.0102413637414 -0.83656721857 
7.411180673 1.43216980641 -0.0157010477115 0.285186023528  1.40137470881 0.127129346451 0.0810826515344  1.31030302999 0.189806860743 -0.361138815702  1.31030142003 0.189806860737 -0.799438345729  1.48117605465 -0.0638910513414 0.0437671118279  1.39098917288 -0.011256666582 -0.399942609391  1.39098756292 -0.0112566665879 -0.838242169935 
7.445609135 1.43221848396 -0.00940766298069 0.283717822666  1.40414409075 0.131163971187 0.0777002255903  1.31416444635 0.195677617724 -0.364480779349  1.31416283638 0.195677617718 -0.802780339893  1.48522206024 -0.0599395212818 0.0436576304134  1.39484718833 -0.00668727069683 -0.399940121121  1.39484557837 -0.00668727070274 -0.838239681665 
7.476416711 1.43222715127 -0.00881935747552 0.284393115603  1.40511162092 0.130868930795 0.0776434898586  1.31159512925 0.190547984873 -0.364482570448  1.31159351928 0.190547984868 -0.802782100475  1.48192519511 -0.0620735589656 0.0442108956973  1.38349065035 -0.0128905289645 -0.398139664367  1.38348904039 -0.0128905289704 -0.836439163876 
7.512183066 1.43623988206 -0.0146849232948 0.288187351352  1.40632760042 0.124809052144 0.0816880257975  1.31274677545 0.185209167693 -0.360326477267  1.31274516549 0.185209167687 -0.79862603781  1.48653911681 -0.0666374153088 0.0478414787251  1.3955559763 -0.0156396225245 -0.395896849799  1.39555436634 -0.0156396225304 -0.834196410343 
7.544921842 1.43892544036 -0.0174986169672 0.288484460628  1.40800986289 0.122368872777 0.0823779152481  1.31442498462 0.190732886015 -0.358474219027  1.31442337466 0.190732886009 -0.796773749053  1.48836639559 -0.0688948854035 0.0478342240883  1.39407708935 -0.0129689507717 -0.394618279913  1.39407547939 -0.0129689507776 -0.832917840457 
7.571148482 1.44048940837 -0.0176089093791 0.289234454883  1.40907444154 0.1222093079 0.0831587340916  1.31416692558 0.192799855892 -0.357059301087  1.31416531562 0.192799855887 -0.795358831113  1.48814996927 -0.0695738183884 0.0483375818169  1.39341546346 -0.0106796084144 -0.393634390764  1.3934138535 -0.0106796084203 -0.831933951308 
7.612077906 1.44242581082 -0.0170962222126 0.290043773942  1.41127866514 0.123529185992 0.084470432538  1.31352398543 0.193497637955 -0.355223605366  1.31352237546 0.193497637949 -0.793523135392  1.48977948364 -0.0683730830327 0.0489332179212  1.39888408441 -0.00891225815731 -0.393768474572  1.39888247445 -0.00891225816323 -0.832068004599 
7.643218907 1.4445006328 -0.0155585444558 0.289642399133  1.41338290569 0.125362201534 0.0842621270792  1.31522576656 0.1933699434 -0.355649789595  1.31522415659 0.193369943394 -0.793949289104  1.4924684393 -0.0662739062855 0.0485303912716  1.39910649574 -0.00885821833888 -0.393927929735  1.39910488577 -0.0088582183448 -0.832227490279 
7.674992397 1.44655701965 -0.013917297736 0.288661007302  1.41516414602 0.127156412789 0.0834246266398  1.31338739289 0.191355807009 -0.356236941045  1.31338578293 0.191355807003 -0.794536440554  1.4941456748 -0.064481343362 0.0474394732455  1.39700358656 -0.00822140050177 -0.394353031874  1.3970019766 -0.00822140050769 -0.832652592418 
7.709661954 1.44770617799 -0.0113713502547 0.288052940337  1.41615168326 0.129785261631 0.0828978133199  1.31146027015 0.190696498172 -0.356547175666  1.31145866019 0.190696498166 -0.79484673621  1.4939435154 -0.0622918871648 0.0466431940808  1.39756779508 -0.00948458965247 -0.395742896007  1.39756618512 -0.00948458965839 -0.834042487068 
7.743955621 1.44962462218 -0.00797838218264 0.287949081972  1.4184085071 0.132370124047 0.0821901939461  1.31371430262 0.188183490704 -0.357930637315  1.31371269266 0.188183490699 -0.796230167341  1.4966166024 -0.0597077022361 0.0468585468108  1.40290617133 -0.00940974094196 -0.396391780362  1.40290456136 -0.00940974094787 -0.834691310388 
7.776911396 1.45245396064 -0.00552235667986 0.288434209518  1.42106230961 0.133933747686 0.0820964799745  1.31345430809 0.183949252079 -0.358018679572  1.31345269812 0.183949252073 -0.796318240116  1.50120595313 -0.0575251635584 0.0477526797335  1.40468816329 -0.0109126068634 -0.39529800639  1.40468655332 -0.0109126068693 -0.833597566934 
7.810654150 1.45551840429 -0.00278995692711 0.288586114766  1.42350199872 0.135865061579 0.0818062793626  1.31470431143 0.182690788042 -0.358367255941  1.31470270146 0.182690788036 -0.796666816485  1.50471986202 -0.05524284398 0.0480949214648  1.40325873523 -0.01418080822 -0.394400173991  1.40325712527 -0.0141808082259 -0.832699734535 
7.843940418 1.45913362769 -0.000264819813031 0.288124095871  1.42667984513 0.13782201295 0.0810324792376  1.31964888528 0.183007197196 -0.359745295344  1.31964727532 0.18300719719 -0.79804482537  1.50742236873 -0.0535449847794 0.0476297778709  1.40316548039 -0.0161982188408 -0.394544491275  1.40316387043 -0.0161982188467 -0.832844021302 
7.877668086 1.46252327755 -0.000445181775882 0.288329832932  1.4291859514 0.136981552795 0.0809419548954  1.32009006026 0.179670010096 -0.359578365812  1.3200884503 0.17967001009 -0.797877895838  1.50922144575 -0.0547236395175 0.0477465925516  1.40289572037 -0.0199839139541 -0.394147456593  1.4028941104 -0.01998391396 -0.832446986619 
7.912143273 1.46516878659 -0.00114454730038 0.287966358859  1.43065079845 0.135202963205 0.0800609528106  1.32070041038 0.179560179574 -0.360081938611  1.32069880042 0.179560179568 -0.798381438119  1.51105763269 -0.0564511794647 0.0474624518958  1.40417391949 -0.0202579571105 -0.394180267684  1.40417230953 -0.0202579571164 -0.832479767193 
7.943934083 1.46895248163 -0.00157705605663 0.288522497305  1.43299638543 0.13366970766 0.080141876812  1.32029452759 0.180301541608 -0.359068936632  1.32029291762 0.180301541602 -0.797368497175  1.51445766388 -0.0576373814227 0.0481197880396  1.4071126397 -0.0191599734461 -0.3932178151  1.40711102974 -0.019159973452 -0.831517375644 
7.977848928 1.47332919718 -0.00308952596106 0.288796620632  1.43599895749 0.131275202698 0.0800847979119  1.32247946853 0.179414983472 -0.358752599442  1.32247785857 0.179414983466 -0.797052159986  1.51926834048 -0.0593251956308 0.0485152171464  1.40943027027 -0.0189675592323 -0.392040394414  1.40942866031 -0.0189675592382 -0.830339954958 
8.12076106 1.4767387482 -0.00412199224644 0.289160347122  1.43854120054 0.12947639917 0.0801151230464  1.32100266492 0.179940948506 -0.357401031518  1.32100105496 0.1799409485 -0.795700531027  1.52213285028 -0.0610400288589 0.0489372036948  1.40826596986 -0.0190662382832 -0.390442978028  1.4082643599 -0.0190662382891 -0.828742477537 
8.45855458 1.47997617592 -0.00480136458628 0.288741511988  1.44127789679 0.128328368451 0.0794877173641  1.32021640793 0.181126385682 -0.356790707585  1.32021479796 0.181126385676 -0.795090298646  1.52441886452 -0.0624231915434 0.048506699082  1.40787082407 -0.0173438238106 -0.389861616713  1.4078692141 -0.0173438238165 -0.828161177257 
8.80157507 1.48301682299 -0.00418850799651 0.288717636073  1.44438287506 0.128798884617 0.0793587234149  1.32156515786 0.183010118663 -0.356254976455  1.32156354789 0.183010118657 -0.794554536999  1.52685392242 -0.0622625113648 0.0484781104256  1.40689462581 -0.0157671672401 -0.388820780608  1.40689301585 -0.015767167246 -0.827120280117 
8.109131171 1.48492196591 -0.00211413013747 0.288490456224  1.4477479793 0.129883064458 0.0782475355171  1.32219772567 0.182651524185 -0.356763950947  1.3221961157 0.182651524179 -0.795063450455  1.52767997344 -0.06245234674 0.0486191291199  1.4068656985 -0.0163440678285 -0.388485331283  1.40686408853 -0.0163440678344 -0.826784830792 
8.144081633 1.48606185161 0.00187243773215 0.290605503306  1.45108855045 0.131614766182 0.0786132001263  1.32339377576 0.181945214492 -0.3560628445  1.32339216579 0.181945214486 -0.794362405044  1.52863042262 -0.0620639727349 0.0516558840516  1.41089451492 -0.0163140656946 -0.386325342419  1.41089290495 -0.0163140657006 -0.824624933481 
8.179460296 1.48808663305 0.00345435697189 0.292505642353  1.45517509969 0.132204350284 0.0795798599203  1.32462425635 0.180281232805 -0.35450248525  1.32462264639 0.180281232799 -0.792802045794  1.53013104397 -0.0626584763475 0.0540556588129  1.41282348767 -0.019060507126 -0.384259919817  1.4128218777 -0.0190605071319 -0.822559510879 
8.209603464 1.49094967786 0.00281953367572 0.293967271241  1.45893585092 0.130301043786 0.0801390196903  1.32642749228 0.177750721851 -0.35341887371  1.32642588232 0.177750721845 -0.791718373219  1.53302607957 -0.0650705407562 0.0560189965676  1.41373671202 -0.0209613445308 -0.381710179519  1.41373510206 -0.0209613445367 -0.820009709546 
8.243142978 1.49409750891 0.00179354461941 0.294001958164  1.4624865154 0.128172547307 0.0794523611402  1.32645850306 0.176967091594 -0.352864522017  1.32645689309 0.176967091588 -0.791164052043  1.53580965984 -0.0676381498553 0.0564273115383  1.41416872273 -0.0206597911251 -0.380355109085  1.41416711277 -0.020659791131 -0.818654608594 
8.280114318 1.49605405715 0.00220723915458 0.295850950001  1.46492194657 0.127685236306 0.0806987053438  1.32645312847 0.180402302756 -0.350380970972  1.3264515185 0.18040230275 -0.788680531516  1.53654709889 -0.0688647477935 0.0585464036782  1.41322487866 -0.0186895377866 -0.377408206204  1.4132232687 -0.0186895377925 -0.815707705713 
8.311170321 1.49906321996 0.00191786763091 0.297613023909  1.4682475164 0.126776671556 0.0820515984017  1.32777931033 0.179710687754 -0.348354120375  1.32777770036 0.179710687748 -0.786653680918  1.53930113886 -0.0700509483097 0.0605320503003  1.41663284916 -0.0200419956664 -0.37562611423  1.4166312392 -0.0200419956723 -0.813925613739 
8.342208444 1.50082885245 0.00143648828937 0.299172221525  1.47045357979 0.125366172458 0.0830106204498  1.32744069678 0.179009758776 -0.346468132803  1.32743908682 0.17900975877 -0.784767693347  1.54083166993 -0.0718142483518 0.0624422467048  1.41521965467 -0.0208638125334 -0.37276810733  1.4152180447 -0.0208638125393 -0.811067698391 
8.378247393 1.50149546071 0.0080334398385 0.300944832602  1.47606440202 0.130485768568 0.0833334758166  1.3325548118 0.185285656467 -0.345833508033  1.33255320184 0.185285656461 -0.784133068577  1.54174866081 -0.0685597817877 0.0653411691177  1.41753910552 -0.01625913635 -0.370111438604  1.41753749556 -0.0162591363559 -0.80841096863 
8.411368275 1.5049888856 0.0060221387553 0.303476527533  1.47946847289 0.127608065007 0.0853933693186  1.33024297281 0.174577075588 -0.342751468291  1.33024136285 0.174577075582 -0.781051028835  1.54508681645 -0.0714483956246 0.0681361702838  1.42166865955 -0.0244861528891 -0.368149142981  1.42166704959 -0.024486152895 -0.806448703525 
8.442654966 1.50843934309 0.00228018518196 0.30464497189  1.48246739339 0.123275548862 0.0862709980736  1.32994964913 0.173972841722 -0.340285524831  1.32994803916 0.173972841716 -0.778585085375  1.54748197961 -0.0760534664776 0.0693982006705  1.42253048968 -0.0262041749309 -0.366129675932  1.42252887972 -0.0262041749368 -0.804429175441 
8.475170387 1.51062247405 -0.00126339448361 0.308041234623  1.48244068647 0.119731084653 0.0899359914579  1.32780524702 0.177359064314 -0.334974878526  1.32780363705 0.177359064308 -0.773274408553  1.54883246609 -0.0791149239194 0.0724933037422  1.42149204124 -0.0226112603493 -0.361527590819  1.42149043128 -0.0226112603553 -0.799827120845 
8.511633416 1.51390471454 -0.00285304211814 0.310242089266  1.486094752 0.11871616735 0.0924025307701  1.33534991685 0.181277320176 -0.333208182607  1.33534830688 0.181277320171 -0.771507712633  1.55105147283 -0.080565729062 0.074472482603  1.42408163846 -0.0194667043284 -0.359034100575  1.4240800285 -0.0194667043343 -0.797333661119 
8.541855017 1.51459391047 0.00131688276529 0.310859670963  1.48974756959 0.122930940594 0.0926860103945  1.33588859938 0.186584298474 -0.331646447525  1.33588698942 0.186584298468 -0.769946008069  1.55038496178 -0.0777609600868 0.0753333096362  1.42141524618 -0.0149230549124 -0.357333468222  1.42141363622 -0.0149230549183 -0.795633028766 
8.578173474 1.51523037211 0.00458769713777 0.310598743332  1.49234106209 0.125977146104 0.0920959587538  1.33621368251 0.183217615708 -0.332321497547  1.33621207255 0.183217615702 -0.770620997056  1.55069623241 -0.0753960526324 0.075338359152  1.42425509487 -0.0177251646898 -0.358791913712  1.4242534849 -0.0177251646957 -0.797091474256 
8.609645456 1.5162355003 0.00510789631398 0.311454757706  1.4931430664 0.12585315613 0.092612511594  1.33536177236 0.178724417998 -0.331760032015  1.3353601624 0.178724417992 -0.770059592559  1.55341767087 -0.075021912387 0.0765053566019  1.42758713914 -0.0207141737518 -0.358235651537  1.42758552918 -0.0207141737577 -0.796535151046 
8.641611500 1.51891043112 0.00383174423043 0.311286840166  1.49644507185 0.124772594224 0.0924846918479  1.33909004749 0.177418569266 -0.332074071589  1.33908843753 0.17741856926 -0.770373632133  1.55357856573 -0.07701543444 0.07619639605  1.42636901128 -0.0239887944677 -0.358301320891  1.42636740131 -0.0239887944736 -0.796600881435 
8.680402851 1.52111735264 0.000685390509038 0.311497708525  1.49843922461 0.121799861375 0.092814838942  1.33851815827 0.176149264797 -0.330568850983  1.33851654831 0.176149264792 -0.768868381009  1.55461617541 -0.0802250024671 0.0762607385521  1.42752392085 -0.0242245385165 -0.357898096373  1.42752231089 -0.0242245385224 -0.7961976264 
8.711343476 1.52176993006 0.00567373209184 0.313637659741  1.50142187973 0.126527007036 0.0945772333815  1.34156818602 0.184042891724 -0.328413375125  1.34156657606 0.184042891718 -0.766712935669  1.55360860264 -0.0766342697789 0.0786512604416  1.4260518571 -0.0162489045804 -0.354782948144  1.42605024714 -0.0162489045863 -0.793082508688 
8.743364206 1.52356119048 0.00540981311913 0.313551563073  1.5042164354 0.126470315641 0.0945202162806  1.34460385125 0.177417765545 -0.329402644088  1.34460224129 0.177417765539 -0.767702204632  1.55454402882 -0.0771234631203 0.0785349239978  1.42845507165 -0.0219230061655 -0.35601873578  1.42845346168 -0.0219230061714 -0.794318235289 
8.780198865 1.52619034183 0.00468423874639 0.313085824656  1.50636096811 0.125520463899 0.0939696712939  1.343680152 0.176144370428 -0.328824088449  1.34367854204 0.176144370423 -0.767123648993  1.55891097248 -0.0775462528657 0.0781945759259  1.43160277492 -0.0212792720692 -0.355866464627  1.43160116495 -0.0212792720751 -0.794166025171 
8.812159391 1.52749405187 0.00411874232211 0.312276066449  1.50812402948 0.124412140602 0.0928196556626  1.34366660203 0.175821738543 -0.329191245382  1.34366499207 0.175821738537 -0.767490775408  1.5592929338 -0.0790539495218 0.0775893651723  1.42523852883 -0.0230780930538 -0.354473710537  1.42523691886 -0.0230780930597 -0.792773240564 
