0.937993814 (4.03163312439, 0.0412320178779, 0.259056022285) (3.97299519531, 0.151703985717, 0.040027291748) (3.94062310271, 0.105374978868, -0.411161996694) (3.85626956672, 0.141241169875, -0.91256012435) (4.03612672544, -0.0478115065713, 0.0231175749922) (4.00166932252, -0.0026268263164, -0.431671498271) (3.94034578979, -0.013518922069, -0.920452584056)
0.967983569 (4.04440852712, 0.0457957244726, 0.266917334001) (3.99519880831, 0.157506115005, 0.0457536811368) (3.98469483551, 0.118865161505, -0.409796863168) (3.87730370098, 0.161775884589, -0.904394308058) (4.0446887657, -0.0468105557791, 0.0318896077511) (4.00125330695, 0.00730923782939, -0.421721545572) (3.9329249119, -0.001031453905, -0.902370830723)
1.2745147 (4.05040878323, 0.0401151015237, 0.264493056589) (3.99400009638, 0.15138945716, 0.0446833425224) (3.97601152834, 0.105959505219, -0.411150713108) (3.85583496747, 0.151518801946, -0.910162844921) (4.04484112326, -0.0529066016673, 0.0295545547013) (3.99801015888, 0.000414023279876, -0.424263037565) (3.92393051248, -0.00856202359493, -0.913891427568)
1.39356096 (4.05205837847, 0.0435992117396, 0.250836892083) (4.00357009467, 0.154590297976, 0.028806766232) (3.99470282484, 0.118372354638, -0.428614954129) (3.86460925064, 0.166366231026, -0.930949620316) (4.0485942457, -0.0518305991118, 0.0166392882297) (4.01108064211, 0.00722229501485, -0.437440636845) (3.93159059565, -0.00294735808296, -0.928173743303)
1.70409659 (4.056865481, 0.048857369961, 0.248914022863) (4.01571361334, 0.161979899467, 0.0263906449661) (3.99208730631, 0.127078079284, -0.430803024356) (3.87315885979, 0.167597127909, -0.916486639025) (4.0552226328, -0.0457770011559, 0.0142901885648) (4.00366239724, 0.0152626997425, -0.438106350563) (3.93509967728, -0.000917533334241, -0.912959644864)
1.101152992 (4.05610322302, 0.060379988316, 0.246567056058) (4.0064745519, 0.17560939739, 0.0270160603726) (3.98743492049, 0.138783750671, -0.430550474308) (3.85125726809, 0.173796449315, -0.904942124982) (4.04257535894, -0.0326941542403, 0.0118383765001) (3.99140625381, 0.0227430586234, -0.441492627566) (3.91507205867, 0.00917510168792, -0.911229346689)
1.139840497 (4.05075687279, 0.0731526813853, 0.216100263562) (4.00957520602, 0.194656863614, -0.00183829061682) (3.99994558196, 0.139944456415, -0.451364363036) (3.85949984119, 0.175778397927, -0.930914079087) (4.03328782217, -0.0149503128516, -0.0203082873834) (3.99357069259, 0.0264864385373, -0.468239034442) (3.91776094038, 0.00652853754433, -0.936509019652)
1.172766543 (4.04682459874, 0.0833063992412, 0.186740353689) (4.01117075955, 0.205134408537, -0.0320864654233) (3.99596720881, 0.136256438262, -0.482731657993) (3.859645112, 0.167950212426, -0.93679878421) (4.02758797212, -0.00518258209456, -0.0494756248454) (3.98882450805, 0.0168812060309, -0.502560184001) (3.92066036196, 0.00070019240528, -0.940291562041)
1.204359201 (4.05693112379, 0.0875445039915, 0.212685735878) (4.02605633194, 0.211045382404, -0.00593609895836) (3.99640841448, 0.133059632021, -0.474068939887) (3.86742334508, 0.16129684439, -0.900736617957) (4.04534707371, 0.000943371962764, -0.0247319461817) (4.01174516902, 0.0194188573619, -0.498207912236) (3.9394202996, -0.00287110022739, -0.897032475676)
1.238819913 (4.06378008176, 0.0830093194933, 0.230208629421) (4.02316945559, 0.206658515721, 0.013236503809) (3.99179307559, 0.123311156206, -0.445804182943) (3.85341655154, 0.151222360567, -0.899267633401) (4.04926878174, -0.00272429818708, -0.00739249830649) (4.01091837345, 0.0151713357854, -0.472856011005) (3.9312601589, -0.0121494695873, -0.902077428612)
1.271213777 (4.07193931332, 0.0825329929575, 0.243853695276) (4.02511946931, 0.202278334895, 0.0258854529452) (3.99523186471, 0.120860325026, -0.429629451922) (3.85708205974, 0.153592781136, -0.902109993057) (4.06073881684, -0.00586673499818, 0.00699698592905) (4.01201342218, 0.0132840164282, -0.453500943006) (3.942661001, -0.00782750540741, -0.907776017853)
1.306337481 (4.07386193089, 0.0784681501661, 0.242551625226) (4.02406308729, 0.197028987143, 0.0245714614642) (3.99387860622, 0.117652792895, -0.429299429861) (3.8644252541, 0.159335514408, -0.914704258311) (4.06287286267, -0.0104466402988, 0.00585510186961) (3.99746629788, 0.0184102561761, -0.449778782638) (3.93716339904, -0.00995090054021, -0.921705868265)
1.338077502 (4.07450349242, 0.09100221014, 0.244186052801) (4.03054472165, 0.216058674037, 0.0286028860199) (3.98374988367, 0.140252563429, -0.423155136065) (3.87221128083, 0.191239855141, -0.911681825974) (4.05553271359, 0.00668141978324, 0.00632554203927) (3.96928485303, 0.0368386537891, -0.444516777266) (3.92765015449, 0.0130474890459, -0.915301414376)
1.370396498 (4.07382915919, 0.0937968167329, 0.24240124998) (4.03376248, 0.216150589543, 0.0245884851623) (3.9728707938, 0.125125440643, -0.421805669834) (3.87737471812, 0.163404592736, -0.910327718963) (4.05017334122, 0.00594734934643, 0.00630598469898) (3.95997924545, 0.0218332370698, -0.444145130536) (3.92648863609, -0.00802532634747, -0.90841694966)
1.406427774 (4.07263014221, 0.102119436535, 0.239187371937) (4.03227660087, 0.222622568949, 0.0203652545361) (3.97210463208, 0.133519259545, -0.426597262479) (3.88117256911, 0.16998470007, -0.903902928226) (4.04444382058, 0.011859595032, 0.00447226551022) (3.93418089586, 0.0275409975318, -0.44109001258) (3.91724155089, -9.85300221048e-05, -0.904541976728)
1.434502307 (4.06959912397, 0.1074873911, 0.24118689479) (4.01582225467, 0.22779839657, 0.025404179112) (3.97040026968, 0.141101254017, -0.42356170324) (3.86740333435, 0.16982855208, -0.889807784876) (4.03179464418, 0.0172076349262, 0.00805762386284) (3.90939696904, 0.0317949157422, -0.434460832188) (3.89583459148, 0.00139631779839, -0.896783292139)
1.468082545 (4.07379205848, 0.100290705452, 0.25125502514) (4.01548003592, 0.220479959644, 0.036166417918) (3.9759577336, 0.127709451616, -0.412212907735) (3.8850598884, 0.156118915398, -0.887207996216) (4.05423902504, 0.0117649759749, 0.0148451085588) (3.90727107204, 0.0222630704699, -0.422331979164) (3.90965912327, -0.00527882520794, -0.884702349267)
1.505324081 (4.0675942917, 0.099053660286, 0.246511288751) (4.00955668804, 0.216728335714, 0.0302253843779) (3.95890520762, 0.13125360132, -0.418402542364) (3.87663501879, 0.156332003959, -0.904668658629) (4.04646118866, 0.0091166357903, 0.0110119156929) (3.85527579457, 0.0167174597876, -0.405049561612) (3.84407926053, -0.00617140198795, -0.893420736308)
1.535992056 (4.06290997947, 0.0959255073984, 0.247178221851) (4.00302911916, 0.211449594695, 0.0301217859185) (3.95442621203, 0.128111891752, -0.419280028353) (3.87585477373, 0.153742966059, -0.899534317384) (4.04111184892, 0.00368755901976, 0.012525332559) (3.82860740769, 0.00921347655989, -0.393453516388) (3.80097481878, -0.0107090416274, -0.884227218602)
1.568009063 (4.05483011387, 0.0966477677585, 0.239295835758) (4.00638967018, 0.213892417098, 0.0204021080471) (3.95925160231, 0.131389619438, -0.429389482113) (3.88652462361, 0.163424737429, -0.90945177601) (4.03820483141, 0.0048445708179, 0.00413011008267) (3.81830072526, 0.0154996630666, -0.398548449233) (3.75923485706, -0.0119989955908, -0.877754836278)
1.604095373 (4.04756766638, 0.0992052667168, 0.2428555243) (3.990918492, 0.215174052774, 0.0252835125322) (3.93661247246, 0.129459040064, -0.42306914749) (3.86508328487, 0.160958868876, -0.893538428209) (4.02486841569, 0.00653901035591, 0.00856274573999) (3.79933371214, 0.0149673801858, -0.391486856125) (3.70424328774, -0.0197967821198, -0.850189998052)
1.635823382 (4.03369381006, 0.0967296221884, 0.21941065949) (3.98191282063, 0.200999352336, -0.00417296683934) (3.93350330439, 0.118348974627, -0.444309187339) (3.87069090789, 0.148775875557, -0.917427059647) (4.01486472463, -0.004723063667, -0.0105802839206) (3.80262979924, 0.00427952512834, -0.417278189033) (3.65934290835, -0.0385880294305, -0.865922438104)
1.667682760 (4.02013364335, 0.103408405387, 0.196655033029) (3.98147179743, 0.201005927254, -0.0328152686864) (3.93938861518, 0.133096104705, -0.480541813937) (3.87519965543, 0.158806135039, -0.918700574744) (4.005161054, -0.00786381157179, -0.0293336357283) (3.79578278505, 0.00840614888077, -0.437752040836) (3.61177699335, -0.0355774314447, -0.862102256061)
1.706951404 (4.0140766708, 0.0948987166955, 0.23071186375) (3.95947586156, 0.197351702171, 0.00651089243181) (3.9353661765, 0.132583150476, -0.474995107268) (3.86287190241, 0.15527744901, -0.887427336102) (3.9997231836, -0.00939061215153, 0.00123071530102) (3.78829822988, 0.0075837317858, -0.421158446449) (3.57085185913, -0.047654348739, -0.830960260031)
1.736204559 (4.00845953004, 0.0889429084039, 0.237481064681) (3.95510847252, 0.192507722506, 0.0132646468776) (3.95682836732, 0.142405800112, -0.456291877997) (3.87274558175, 0.156608601, -0.913306583796) (4.00645490074, -0.0122125059121, 0.00594606838173) (3.80722478553, 0.00212469295422, -0.415188880961) (3.54867261602, -0.0501989172074, -0.845453830906)
1.767818309 (3.99985631481, 0.0786598644123, 0.242512895599) (3.94838049584, 0.183790137978, 0.0183405077726) (3.94248687281, 0.137583161373, -0.445264267945) (3.87091260951, 0.153857251494, -0.906374936438) (3.99968737149, -0.0212657992033, 0.010198290506) (3.78514236033, -0.00774606133875, -0.399380602826) (3.51223468386, -0.0599486772112, -0.839924888468)
1.804342936 (3.9859947542, 0.0730031667674, 0.240030280499) (3.93725037418, 0.180095333911, 0.0160880614732) (3.93431865053, 0.140386613426, -0.445015489162) (3.86174756201, 0.156046426813, -0.90648330121) (3.99416710314, -0.0237541331553, 0.00643675987979) (3.78252904261, -0.00101472385391, -0.402576271937) (3.49699198764, -0.0583220699927, -0.843862088338)
1.837879943 (3.96451035463, 0.0738314264738, 0.234168481975) (3.92881356316, 0.186110103947, 0.0102749668529) (3.92899658273, 0.14852503687, -0.449487759652) (3.86104218565, 0.16485542996, -0.912399009068) (3.97009993239, -0.0215538679365, -9.48137039331e-05) (3.75012326784, 0.00128825006959, -0.403827739818) (3.46372928767, -0.0558200826458, -0.842629910493)
1.870273877 (3.94514667999, 0.0648583176273, 0.251029682862) (3.89679684304, 0.167086380996, 0.0254416341398) (3.90337707058, 0.127120371231, -0.439106134784) (3.84534334486, 0.143510310039, -0.897313746325) (3.94169406498, -0.0383623028131, 0.0207869282103) (3.73273689861, -0.0166258782016, -0.393050881521) (3.45240788363, -0.0716432863106, -0.823289658946)
1.905835269 (3.91381309558, 0.0671130853451, 0.229240659163) (3.86059242384, 0.163974324792, 0.00232013931837) (3.88997491187, 0.133648657573, -0.448666540878) (3.84034861557, 0.149434470769, -0.918717597607) (3.89875773627, -0.0430507883164, 0.00264711705207) (3.72552738024, -0.0193845964714, -0.408256299375) (3.4389438952, -0.0639575752685, -0.848610471307)
1.935488118 (3.8959699075, 0.0612607706579, 0.243435167454) (3.83688789035, 0.168527719776, 0.0222153527328) (3.87502742324, 0.137745145026, -0.43881672401) (3.84600520461, 0.153800427826, -0.88851632444) (3.88147162263, -0.0391089534659, 0.0118089084528) (3.7061062431, -0.0181345495536, -0.405526186533) (3.45017027244, -0.0590478012131, -0.827671852875)
1.970305993 (3.87321311999, 0.0507160932564, 0.246074945258) (3.80773973794, 0.166181345009, 0.0310165157083) (3.86265420738, 0.130425260099, -0.425674649752) (3.83172104244, 0.145623342887, -0.891924719237) (3.84936640507, -0.0410322281332, 0.0118045097803) (3.67580745853, -0.034552305348, -0.410085767622) (3.42697056653, -0.0666562505357, -0.834974563068)
2.8407540 (3.85535919589, 0.0406715788227, 0.257756376806) (3.78422370386, 0.160258681725, 0.0466566014773) (3.82674639047, 0.108796649199, -0.408624957308) (3.8323377575, 0.145032799498, -0.888202370428) (3.82601099336, -0.0462201267276, 0.0221445308724) (3.66098302826, -0.0382739021596, -0.404925068638) (3.43221183332, -0.070064754843, -0.823178134566)
2.39220228 (3.83139049542, 0.0290626765412, 0.259632716069) (3.7600804436, 0.147832048852, 0.0479212317866) (3.78263830418, 0.0913558591286, -0.407552285524) (3.83377132014, 0.140040861404, -0.901664717002) (3.80329595677, -0.0584300681054, 0.0239025793974) (3.65764296308, -0.0501839371641, -0.410652473361) (3.43009586537, -0.0765821423762, -0.83000844906)
2.71233398 (3.79956916477, 0.0209366155173, 0.240185918282) (3.73210408136, 0.137916556075, 0.026059106156) (3.75107082134, 0.0973313672593, -0.428806564101) (3.82713063087, 0.143689091406, -0.915512043684) (3.76603055861, -0.0709346605553, 0.00668871176435) (3.63022375306, -0.0597821404501, -0.425851927088) (3.41849033486, -0.0763250591512, -0.846565352231)
2.107326488 (3.77321775637, 0.0292089243476, 0.22394327826) (3.72154051237, 0.139245542541, 0.00222487066595) (3.73996034939, 0.10443677231, -0.454476811376) (3.8385239126, 0.155403122514, -0.911643860436) (3.74067504846, -0.071883346831, -0.00553209658899) (3.61543753511, -0.0549012171323, -0.444147740695) (3.42762971506, -0.0666603985051, -0.84345906256)
2.139455941 (3.75967907236, 0.0203439721208, 0.251654952136) (3.69770103951, 0.1403928091, 0.0378790567442) (3.71133148268, 0.104497732824, -0.443651602457) (3.82470372283, 0.156649669039, -0.876985240336) (3.71944735278, -0.0709160328369, 0.0192626438604) (3.60734043436, -0.060109079211, -0.431056860123) (3.43158271497, -0.0653174503301, -0.809706452568)
2.169331725 (3.74739209039, 0.00794567020943, 0.273941862503) (3.67493457045, 0.132707270152, 0.0662669577532) (3.65380066896, 0.0940833521902, -0.401756035909) (3.81094662211, 0.153835256935, -0.885418173201) (3.70349383442, -0.0763939433051, 0.0396253123245) (3.61081443218, -0.0744311718581, -0.412473834553) (3.43522434633, -0.0736748511993, -0.809952681765)
2.205741539 (3.73432724682, -0.0026355826717, 0.289995865572) (3.65570469091, 0.125836449089, 0.0868718104932) (3.61432471639, 0.0884729624359, -0.374250702918) (3.79215879039, 0.152168165218, -0.884344068545) (3.68233913118, -0.0825438089136, 0.0557782068027) (3.59585747579, -0.0789654217444, -0.396626428538) (3.43063765982, -0.0717164787649, -0.812510160034)
2.235918683 (3.71679064928, -0.00829954364793, 0.29074513653) (3.64028307689, 0.122485646287, 0.0881048230726) (3.56816144925, 0.0802938377906, -0.365294539698) (3.78123483606, 0.162637241303, -0.908231784767) (3.6633159515, -0.0860644857843, 0.0559805319278) (3.57930327937, -0.0795300577467, -0.3964294378) (3.43288905641, -0.0682765748652, -0.827651037445)
2.271284876 (3.70156754055, -0.013490351595, 0.295299544255) (3.62598257178, 0.119031858407, 0.093362642325) (3.53081212414, 0.0798888696662, -0.354775725748) (3.7545259282, 0.156065671028, -0.893972836562) (3.64189679782, -0.0901785628743, 0.0616071517425) (3.55701912832, -0.0812946812269, -0.390396976795) (3.43200970614, -0.0689749347236, -0.816300692418)
2.306613216 (3.68666571484, -0.0153626683335, 0.301530189812) (3.61205584067, 0.118565399476, 0.100165549926) (3.51231162488, 0.0795096284313, -0.424609947343) (3.72946199808, 0.155796200301, -0.884790066274) (3.61808775084, -0.0912810291751, 0.0700466923231) (3.53811411349, -0.0774100994848, -0.382576167607) (3.43187223984, -0.0631092202017, -0.814552645038)
2.335351095 (3.67220478572, -0.0151124649131, 0.304061035167) (3.60550285959, 0.119452216225, 0.100356110496) (3.44316771532, 0.0461335428473, -0.35519843848) (3.69111756174, 0.149476616705, -0.878563973279) (3.59935900258, -0.090689774117, 0.0737695852143) (3.52313609106, -0.0755950833962, -0.379423127971) (3.44006779524, -0.0615504361304, -0.813331544771)
2.368513973 (3.65661152522, -0.0178783665354, 0.301625942297) (3.59999112936, 0.118343644954, 0.0961228238565) (3.41837288282, 0.0423307555427, -0.334671064688) (3.63930899222, 0.144320527353, -0.877123353288) (3.58668076771, -0.0912763532796, 0.0698581022431) (3.51204499303, -0.0703589867459, -0.383325980297) (3.44721306269, -0.0641646829557, -0.81491671506)
2.402815175 (3.63993280025, -0.0193870642744, 0.296298672019) (3.59582045044, 0.116601846492, 0.0876756803628) (3.36424379222, 0.0459715860734, -0.381218595354) (3.57921087351, 0.139966852011, -0.874445154019) (3.57465120773, -0.0927401349544, 0.063231849433) (3.50104667727, -0.0703617126919, -0.390066937213) (3.44990393739, -0.0580126268679, -0.820545631194)
2.436137916 (3.62657712054, -0.0251916043757, 0.299525283577) (3.58324064878, 0.110623826346, 0.090498144784) (3.3211246791, 0.0395773847193, -0.380122489703) (3.51460726105, 0.12107533358, -0.853236054412) (3.56487023305, -0.0989587072589, 0.0655018743743) (3.49328301914, -0.0718851634506, -0.387846571781) (3.44621431827, -0.0663456787508, -0.807602746547)
2.473492737 (3.60979293773, -0.0305097679104, 0.293357773207) (3.56980412021, 0.104785047133, 0.0832611030747) (3.2989566709, 0.0330363944781, -0.330938448314) (3.44965465711, 0.107609511195, -0.857776953523) (3.55296837363, -0.105087970032, 0.0582972366958) (3.48099830233, -0.0645443119684, -0.393802398239) (3.43912028277, -0.066635972753, -0.819152647247)
2.503125058 (3.59384008066, -0.0375552919779, 0.292789777606) (3.55299726338, 0.0949365585787, 0.0810194503323) (3.29745502788, 0.0266146207737, -0.319402432055) (3.36775023552, 0.0928563874668, -0.840017314292) (3.53674502462, -0.115382638694, 0.0587983796617) (3.46756472495, -0.0683629114226, -0.39316593532) (3.43130780326, -0.0715524061739, -0.818491058492)
2.536362804 (3.58100562574, -0.0381138756511, 0.297060302045) (3.54097604206, 0.0930235505551, 0.0842566465884) (3.3011430098, 0.0327574871037, -0.314990519333) (3.30424786677, 0.0949195468487, -0.81817363621) (3.51988445616, -0.117140864078, 0.0644581400804) (3.46004834605, -0.0563204471188, -0.386968703121) (3.42389886599, -0.0649226039817, -0.812330325711)
2.573959272 (3.56767068882, -0.0390820223198, 0.302629534377) (3.52485399939, 0.0909657063014, 0.0897243113988) (3.29035469552, 0.0358137791105, -0.307635438201) (3.22803431531, 0.0883637401673, -0.805241227356) (3.50141525197, -0.119083909825, 0.0717956255242) (3.45985817319, -0.0536394976526, -0.380836011993) (3.41940569935, -0.0665654961574, -0.814675096804)
2.605055442 (3.54216982793, -0.0311291855392, 0.275608265741) (3.50870982168, 0.0994014227574, 0.0614781701379) (3.28214092385, 0.0539035812457, -0.33000613557) (3.16694976739, 0.0877293757766, -0.826365148488) (3.47931843304, -0.109548697412, 0.0434237737066) (3.45785073227, -0.0404928756927, -0.399459143047) (3.41428231474, -0.0629296278307, -0.83651888902)
2.635840683 (3.53046354858, -0.031687150902, 0.280352205225) (3.50658142043, 0.0980288868632, 0.0646546153339) (3.28002009876, 0.0479618734738, -0.329271264498) (3.11489820035, 0.0737245764261, -0.788431302506) (3.48063534282, -0.111453966012, 0.0456685045872) (3.47018377214, -0.054322153206, -0.404560476191) (3.43501730554, -0.0743958984076, -0.813269087254)
2.674709148 (3.51987814194, -0.0340337779192, 0.289599375456) (3.49500870992, 0.0949668478942, 0.0734078011535) (3.27811483252, 0.0476991520893, -0.327576433281) (3.04594271754, 0.0658740347473, -0.773523578515) (3.46338587965, -0.114003757766, 0.0563358347938) (3.44031367527, -0.0506181003273, -0.395326296648) (3.41558592225, -0.0753655208695, -0.810647800058)
2.704393779 (3.50282564143, -0.0361795009569, 0.284654064558) (3.48309414533, 0.0939585796423, 0.068641502755) (3.27465359663, 0.0519892814349, -0.338053929112) (2.99035722085, 0.0664305551187, -0.785891599436) (3.45650744005, -0.115491530225, 0.0489617298107) (3.43666104379, -0.0470943634389, -0.403669850125) (3.4250238616, -0.0789630585287, -0.827566902109)
2.737089566 (3.4872091884, -0.0359077840274, 0.285485634371) (3.46636270251, 0.0938842078815, 0.0692436607706) (3.2620649614, 0.0532184298353, -0.340142719541) (2.93743682848, 0.0675438861219, -0.779936387959) (3.44274816652, -0.115929111283, 0.0495599706589) (3.41909829582, -0.0457999333216, -0.403416977997) (3.41918820608, -0.0772574906698, -0.81555973956)
2.775509798 (3.4707658482, -0.0375010603695, 0.289110359078) (3.44521428887, 0.09025949641, 0.0721152594493) (3.25210108693, 0.052356321245, -0.342985944661) (2.89691659574, 0.0666548746729, -0.772404256698) (3.42583999596, -0.12020248882, 0.0541536606959) (3.40891374885, -0.0478763714884, -0.399139352696) (3.41608178453, -0.078658312322, -0.810490453247)
2.807590504 (3.45021747694, -0.0372791776875, 0.280781027818) (3.4309220218, 0.0886781450834, 0.0621649335297) (3.2392973242, 0.0552346273331, -0.354208004564) (2.87920802569, 0.0700948349553, -0.789098710694) (3.41280798754, -0.121986533271, 0.0452906714557) (3.39297181621, -0.0458305316089, -0.407466320505) (3.42143229668, -0.0744700755054, -0.826391656983)
2.838385453 (3.4321918292, -0.032512123538, 0.282016811803) (3.41457532769, 0.0938227688766, 0.0633846743605) (3.2185687731, 0.0675974242703, -0.35150333858) (2.86589822737, 0.0779446090638, -0.776855436706) (3.39296959312, -0.116556125184, 0.0464980960107) (3.37519053942, -0.0369278945915, -0.405859443668) (3.41241156586, -0.0664058462502, -0.812572593086)
2.875163674 (3.41151529118, -0.0251019421477, 0.282798259822) (3.39646177708, 0.101271524363, 0.063967290944) (3.20640566563, 0.0714798563994, -0.353483457477) (2.85201707234, 0.0833664712224, -0.78545755857) (3.3743150259, -0.10903598344, 0.0468850969057) (3.36183846687, -0.0311334566369, -0.405989735199) (3.40995012743, -0.0638977261717, -0.813509107482)
2.906089712 (3.39046693312, -0.0144729529953, 0.288466977274) (3.37131356315, 0.114244561261, 0.0713409032159) (3.17687366829, 0.084850544126, -0.344173900757) (2.83846335862, 0.0899267241713, -0.779656300288) (3.34992657006, -0.095998711879, 0.052270486172) (3.34179132936, -0.0214272467047, -0.401284308779) (3.40295205736, -0.0576469736787, -0.813572314199)
2.938699596 (3.36772789953, -0.00710119938122, 0.290417866463) (3.34593659042, 0.121937522246, 0.0736963278516) (3.15466663661, 0.0863402162782, -0.342801443698) (2.84240451604, 0.085701259522, -0.78515851203) (3.32813113909, -0.0885872471382, 0.0540153019487) (3.32494808443, -0.0259749236247, -0.401262762535) (3.39987003565, -0.0639093789511, -0.817238440573)
2.973413623 (3.34546642675, -0.00152968166865, 0.29648667382) (3.31711042298, 0.127717537211, 0.0806825787555) (3.12726258512, 0.0922699404467, -0.336533276631) (2.84104787168, 0.0813087908546, -0.777274351774) (3.30357157239, -0.0830610464569, 0.0605253408915) (3.3061053171, -0.0213322506811, -0.394956113732) (3.39377897294, -0.0636307872806, -0.816485366442)
3.5162100 (3.32726236281, 0.000601442479348, 0.308860092738) (3.29321641971, 0.130602962749, 0.0943759038278) (3.11630874465, 0.0958444317661, -0.328342409979) (2.8500240007, 0.0787084362525, -0.764954743631) (3.28055549631, -0.0801451153747, 0.0735699810984) (3.28990003556, -0.0194488682813, -0.381985473152) (3.38514887001, -0.0656197601734, -0.811932966577)
3.38412771 (3.30596967738, 0.00148463476904, 0.320408205619) (3.26227774791, 0.129472386459, 0.106559672257) (3.10654751334, 0.100104802405, -0.324310086527) (2.84549692583, 0.0752809751656, -0.761646194287) (3.25341614788, -0.0816446428585, 0.0872800417244) (3.25517499393, -0.0211052000572, -0.368389611957) (3.37793254954, -0.0682268194563, -0.817773638312)
3.73497095 (3.28423384222, 0.00529784409439, 0.325497396787) (3.23743596067, 0.131396718427, 0.111105509356) (3.10469542533, 0.107168829111, -0.327381734997) (2.8423603826, 0.0797165562959, -0.77589374136) (3.23067739397, -0.0799029203523, 0.0932745405317) (3.22269868194, -0.0163134492321, -0.361862057362) (3.36675919469, -0.0675761189212, -0.821209754497)
3.105483310 (3.2595228841, 0.0108340840259, 0.325420766364) (3.21454727209, 0.133421017897, 0.10858404802) (3.09415608851, 0.108982785759, -0.333784131587) (2.83717844439, 0.0814048230892, -0.788753219396) (3.20190932864, -0.0779696764139, 0.0955008424918) (3.17180735897, -0.0231482385224, -0.359317589422) (3.35346058494, -0.0662174412682, -0.826864490805)
3.138593883 (3.23906511832, 0.0143340708692, 0.328345646197) (3.19519888444, 0.134512057056, 0.109952191601) (3.08406427496, 0.112117621126, -0.335188360875) (2.84024975577, 0.0788222003986, -0.785260066615) (3.1856703222, -0.0770188464757, 0.0984187183031) (3.13146782081, -0.0356628863622, -0.355104245445) (3.3509142228, -0.067699262145, -0.821653604987)
3.174357401 (3.21591980478, 0.0205229802594, 0.320960599378) (3.1802452198, 0.138681130546, 0.100139319282) (3.07530614145, 0.121349522549, -0.34688483139) (2.84632661781, 0.0824580946073, -0.793129595773) (3.1723768196, -0.0730394183768, 0.0899927417421) (3.08005376007, -0.0377791831572, -0.356741935009) (3.33629258585, -0.0663150995446, -0.835221239267)
3.204495159 (3.19972278479, 0.0233638497958, 0.324208156432) (3.16368150158, 0.14083498511, 0.102970190671) (3.06013622914, 0.121201395538, -0.34442960599) (2.84406178403, 0.0777631018521, -0.781818430227) (3.16211388182, -0.0710494048051, 0.0924402281705) (3.04020347202, -0.0434313604804, -0.347761289363) (3.31454607033, -0.067673875408, -0.818472746301)
3.237863441 (3.18405090274, 0.0285145242702, 0.327439109994) (3.15046201142, 0.145546743803, 0.105575494356) (3.05722704212, 0.123689963648, -0.343935546232) (2.84658057683, 0.0810185279743, -0.780203205104) (3.15295444923, -0.0662566375462, 0.0948458709457) (2.996620998, -0.0422496472462, -0.334189718143) (3.28424042586, -0.0651164153157, -0.810582620334)
3.272358174 (3.16520812218, 0.0343205406434, 0.331306061531) (3.1275281637, 0.154314252946, 0.111665452864) (3.03646265609, 0.124769118639, -0.33788444457) (2.83496776757, 0.0873532936677, -0.778303260104) (3.13295955314, -0.0572608842703, 0.097568814264) (2.94974113238, -0.0338685595273, -0.321128236129) (3.22371408304, -0.0639679025949, -0.802798218321)
3.306637660 (3.14709529638, 0.0370474257104, 0.325094091931) (3.113691949, 0.155800148778, 0.104152945704) (3.03206935283, 0.114544523644, -0.346123442104) (2.84211423218, 0.0798191326012, -0.791217104714) (3.12418535218, -0.0556328342244, 0.0907472675139) (2.9243798071, -0.0347612918448, -0.321244079251) (3.18060841079, -0.076319951495, -0.804085779711)
3.338654746 (3.13078254006, 0.040652826911, 0.325384465571) (3.09904569695, 0.158514130014, 0.103649551016) (3.02215823834, 0.108985756159, -0.346695305112) (2.84181397375, 0.0808088852214, -0.780826844822) (3.10778422202, -0.0530555667408, 0.0913873729246) (2.88846771542, -0.0289199587609, -0.310586598706) (3.10979181809, -0.07697594282, -0.789037912165)
3.372552555 (3.1163567683, 0.04539776141, 0.332714169439) (3.08311503955, 0.165342745813, 0.112292874303) (3.01252593622, 0.111063479567, -0.338601184038) (2.84083352062, 0.0853420008217, -0.772039487705) (3.08978422218, -0.0462376358797, 0.0982484772503) (2.8652196611, -0.0174686186033, -0.301163234502) (3.04359703072, -0.0714430743947, -0.773472056225)
3.406282470 (3.10281744159, 0.0528418263624, 0.334694535334) (3.07418166298, 0.175515869738, 0.115125625013) (3.01812677973, 0.10996836159, -0.336039284445) (2.84792284465, 0.0894421931831, -0.776497826734) (3.07676880696, -0.0360285314662, 0.0991040090672) (2.84423891598, -0.00321233084743, -0.295680125209) (2.97725157034, -0.0659148146772, -0.768324290552)
3.438228528 (3.08895172469, 0.0567809081212, 0.340199011314) (3.05807619894, 0.180770540804, 0.121661130339) (3.00528479002, 0.103856635342, -0.328182639373) (2.84331788938, 0.0854424814439, -0.773637397221) (3.06130200909, -0.0306303033668, 0.104232407555) (2.81593328645, 0.000226097055818, -0.282838956784) (2.9026371569, -0.073642284491, -0.751954936888)
3.472536508 (3.0758682484, 0.055833769914, 0.344643456345) (3.03970049094, 0.17877785856, 0.126318500693) (3.0012936263, 0.0954264220118, -0.323758949175) (2.83829789024, 0.0786101723549, -0.774919300168) (3.04769632108, -0.0325442594407, 0.109091420544) (2.80344285399, -0.00887152305817, -0.27940006813) (2.83042339257, -0.0833802969395, -0.733689595948)
3.506021284 (3.06121955163, 0.0564644457816, 0.341154710104) (3.02969095245, 0.179126347794, 0.122036936508) (3.00427846246, 0.0972865022506, -0.329282611262) (2.84529930821, 0.0802087622205, -0.78608296114) (3.04147633277, -0.0319893544621, 0.104852750154) (2.80715986417, -0.0109290159661, -0.289850277096) (2.76678059043, -0.0821691278195, -0.726998505242)
3.538076153 (3.04658943613, 0.0526629851818, 0.340471810963) (3.01814067307, 0.173119133736, 0.119728858207) (2.99321500861, 0.0889834296908, -0.331403389716) (2.84510842051, 0.0758577407063, -0.782193434072) (3.03432400912, -0.0378555344511, 0.104458413023) (2.80219944242, -0.0204193524852, -0.291864907313) (2.69835902491, -0.0867691411088, -0.713810448739)
3.573859855 (3.0296389872, 0.0559774370795, 0.341205576838) (3.00166287803, 0.17759676486, 0.120984427156) (2.98154627048, 0.0990111959723, -0.331435481864) (2.83832276133, 0.0863663751441, -0.775670948209) (3.0142954306, -0.0335443668702, 0.104939641987) (2.77689865077, -0.0139172824868, -0.288192969895) (2.61972909979, -0.0716986291513, -0.710256815189)
3.606930060 (3.01532430757, 0.0555484599382, 0.34557986648) (2.99092314592, 0.178398269601, 0.125594360404) (2.98447721239, 0.0950455237548, -0.32622681343) (2.84065310362, 0.0807355777346, -0.775850644269) (3.00155520753, -0.0328056403217, 0.108757224185) (2.76959423588, -0.0213419080113, -0.287868144481) (2.56460974717, -0.0732537098509, -0.703060323662)
3.640302392 (2.99718809538, 0.0515676346532, 0.346575508049) (2.96880134016, 0.17417115282, 0.126922642956) (2.95697113553, 0.0893690768941, -0.324644345452) (2.82810085356, 0.0742573211784, -0.783409741228) (2.98070342078, -0.0369845575519, 0.109992606564) (2.75874513583, -0.0315410292832, -0.292338197403) (2.50182729572, -0.073139659763, -0.697704380158)
3.676428312 (2.97936292823, 0.0470505479984, 0.349724896034) (2.94571568023, 0.168158922026, 0.130011045625) (2.94509566774, 0.0862447122892, -0.32219117683) (2.82749100549, 0.0737395119315, -0.779786447972) (2.95863192482, -0.0430356182393, 0.114080700333) (2.74446292751, -0.0366664670292, -0.292494761152) (2.45774407022, -0.0715152794534, -0.688877741181)
3.707697339 (2.96238292561, 0.0449539280102, 0.341598249421) (2.93808503816, 0.166517399246, 0.121065318649) (2.95456803185, 0.0899608344244, -0.331542774125) (2.84313742701, 0.0792445208811, -0.79139191316) (2.9512517716, -0.0446821869436, 0.105284508569) (2.74691257491, -0.0341263960804, -0.306190418344) (2.44350082337, -0.0658714261321, -0.705772403218)
3.739810245 (2.9425474747, 0.0414119392569, 0.337594965347) (2.92319318867, 0.162986231874, 0.116502934385) (2.92602629437, 0.082834768281, -0.335792486179) (2.83399877695, 0.0764096637045, -0.788289645705) (2.93573834162, -0.0482860494696, 0.101069355592) (2.71457324735, -0.0368157314832, -0.301280601069) (2.41993661404, -0.0677137368094, -0.707711037365)
3.774394583 (2.92261294475, 0.0383343742731, 0.345505011715) (2.89899059319, 0.160352506498, 0.125095522066) (2.90101754402, 0.080586248074, -0.327500890411) (2.82576103933, 0.07834934597, -0.771280399137) (2.90625010145, -0.0511508466593, 0.109387792766) (2.68724808242, -0.038195974066, -0.294389936733) (2.40125548915, -0.0644089805998, -0.696930145991)
3.805241637 (2.90039933003, 0.0351891434469, 0.344627651904) (2.87672546227, 0.158609413239, 0.124931098845) (2.89450731647, 0.0745519758085, -0.326360851849) (2.82820389156, 0.0791978427971, -0.775568738189) (2.88629697551, -0.0526172476184, 0.107666415253) (2.68664257381, -0.0385279198022, -0.305573406188) (2.40440387696, -0.0633483191633, -0.709396771326)
3.839177999 (2.87724309189, 0.0311075611969, 0.343774618065) (2.85363684839, 0.156085936706, 0.124902726013) (2.87414237144, 0.0638171826811, -0.324787443304) (2.82415531162, 0.0784354835655, -0.775227780935) (2.86391245699, -0.0549921391065, 0.106096719033) (2.66772704489, -0.0416884354498, -0.30916314994) (2.39732013822, -0.065777532958, -0.711420915227)
3.871904799 (2.85459980072, 0.0277358750113, 0.345677563788) (2.83144887694, 0.154161004742, 0.127559774677) (2.84905747802, 0.0504776282587, -0.319745999843) (2.82093877778, 0.0750981685889, -0.773422105057) (2.84063024237, -0.0568694142631, 0.107473193103) (2.65100953975, -0.0501553509521, -0.31105337784) (2.38959309878, -0.0680184365852, -0.710572681278)
3.904380106 (2.8324943787, 0.0205570142115, 0.351221895474) (2.80519819203, 0.147726978874, 0.134062129402) (2.83615692426, 0.0373594168098, -0.31081156525) (2.81582309507, 0.0681274161553, -0.769516812828) (2.81230924236, -0.0633228912473, 0.113246551527) (2.63590264226, -0.0598827700294, -0.310951149497) (2.37909166996, -0.0754718977055, -0.708220225712)
3.939828995 (2.80970390952, 0.0155119208843, 0.362012323426) (2.77461231619, 0.143315108103, 0.146437028128) (2.81031811241, 0.0344710314932, -0.29863452942) (2.80742857361, 0.0718531696223, -0.763126340099) (2.78263888932, -0.0675910895271, 0.124527391713) (2.61944540262, -0.063551142553, -0.304886574886) (2.37401477048, -0.0732957994106, -0.7047325972)
3.974620409 (2.78499177473, 0.01204009225, 0.364914727432) (2.7461780151, 0.140201722408, 0.150151457524) (2.78512308246, 0.028590491559, -0.294058081893) (2.80855158704, 0.0755401930955, -0.768543763658) (2.75286474331, -0.0707225770675, 0.127905583355) (2.60512558334, -0.0669851589282, -0.306976243966) (2.37256623615, -0.0701185357495, -0.714622057211)
4.5224350 (2.76315342625, 0.00719907489558, 0.368355084748) (2.72765020977, 0.136338449395, 0.15355777558) (2.75964116966, 0.0255587512302, -0.29142786134) (2.81444440531, 0.0779559099315, -0.767217918604) (2.73320461128, -0.0745537344883, 0.130668717095) (2.59765392498, -0.0740556514611, -0.308240742889) (2.38198592707, -0.071330773793, -0.712245565933)
4.41125877 (2.74213026746, 0.00119005936064, 0.371758726424) (2.70900717611, 0.130527696712, 0.156660474675) (2.71734330916, 0.0285803396359, -0.290840120522) (2.80687630233, 0.0766206312778, -0.765216364926) (2.71194390308, -0.0804471231301, 0.134026247582) (2.58339883412, -0.0827798783226, -0.307138090429) (2.3810794527, -0.0736216783068, -0.709152972271)
4.74519586 (2.72027678933, -0.00808558224444, 0.372691668024) (2.68894325048, 0.119411335781, 0.156220194981) (2.66589185412, 0.0364781303805, -0.293566555065) (2.79422031891, 0.0691190894284, -0.766608957598) (2.68917588484, -0.0917977698111, 0.135790567664) (2.5724972542, -0.0928320423898, -0.308640491791) (2.37989709159, -0.0792086958945, -0.71149152994)
4.107187865 (2.70102048416, -0.0156483332213, 0.376694790515) (2.67050847952, 0.11087884314, 0.15952955835) (2.62140744556, 0.0480184866946, -0.291162705142) (2.78073132489, 0.0695864165895, -0.760791342132) (2.67029678194, -0.100407305711, 0.140109148974) (2.56383148876, -0.0925975924094, -0.306760058349) (2.38445959353, -0.0760518493015, -0.707807891914)
4.141638883 (2.68176953941, -0.0222310169253, 0.378772436911) (2.65291549444, 0.1032922917, 0.160789266527) (2.5730034076, 0.0486724722572, -0.286485067627) (2.76403916467, 0.0744072170923, -0.761837728573) (2.6501691342, -0.108111114995, 0.142697662849) (2.5534289047, -0.0930904284718, -0.306210398556) (2.38256530373, -0.0759705879491, -0.708457115913)
4.175647463 (2.66427444642, -0.0257136251337, 0.381878305617) (2.63518285288, 0.0997538888573, 0.163910623777) (2.52035988532, 0.0503641581592, -0.275972087391) (2.74110607331, 0.0799629037284, -0.752441220995) (2.62697360475, -0.111568597658, 0.146642526493) (2.53746112985, -0.0900639673493, -0.303568463682) (2.37964684859, -0.0731039986325, -0.705076123747)
4.205760013 (2.64907721053, -0.0294290129876, 0.386256016469) (2.62171803587, 0.0974574297913, 0.168892835712) (2.47592220601, 0.0469775279505, -0.26170947299) (2.71045546856, 0.0824445721483, -0.741787177745) (2.60923485773, -0.113530088598, 0.15080956858) (2.53064326141, -0.0884603394386, -0.301242907633) (2.38566320582, -0.0713431580518, -0.703368382175)
4.242486562 (2.63323491789, -0.0317062833225, 0.381942476029) (2.61285157058, 0.0952602307801, 0.16391455102) (2.44053966635, 0.0438495064427, -0.257023735113) (2.67108363211, 0.0846665344611, -0.74236167912) (2.5968405597, -0.11549162857, 0.145875608369) (2.52428947143, -0.0859934133145, -0.307000910417) (2.39127963316, -0.0716297279976, -0.711205683078)
4.274074553 (2.62081943732, -0.0333361297237, 0.39304689175) (2.59882207736, 0.0933243500843, 0.17499188832) (2.40942939101, 0.0409613726064, -0.239159118885) (2.61045945032, 0.0875376191491, -0.716136663954) (2.57840042474, -0.117147267288, 0.157991475054) (2.50513496329, -0.0824145804747, -0.294471451631) (2.38540371357, -0.0704354060142, -0.69450070544)
4.306644637 (2.60696130917, -0.0352598485351, 0.398239905301) (2.58593904513, 0.0922351151402, 0.180548042209) (2.36184779383, 0.0448294191125, -0.250050866105) (2.55336204011, 0.0901178766427, -0.713039957642) (2.56156621789, -0.117780256065, 0.163258397851) (2.50215375701, -0.0771042658026, -0.290552647956) (2.38656677588, -0.0690662763758, -0.699565284908)
4.343878086 (2.59213343329, -0.0367053604595, 0.398151916554) (2.57248665644, 0.09115475872, 0.180525600167) (2.32440686001, 0.0453720595994, -0.253822823304) (2.49166308505, 0.0890165529029, -0.708817624075) (2.54656792911, -0.118660232116, 0.162986877015) (2.49583757744, -0.0732821759661, -0.291483471924) (2.38767663325, -0.0705884204314, -0.702694683516)
4.374634770 (2.57827039814, -0.038196782536, 0.397194203804) (2.56063607149, 0.0898604265551, 0.179499581685) (2.32786760646, 0.0456286755524, -0.239113210772) (2.4362485587, 0.0857565532113, -0.70542649035) (2.53425884669, -0.119905013048, 0.161636763538) (2.49331632149, -0.070987820298, -0.293467105241) (2.388521619, -0.0740576861265, -0.702068465916)
4.407756731 (2.56463247764, -0.0388285960892, 0.401721963859) (2.54553233083, 0.0894106869329, 0.184253558673) (2.31099340135, 0.0465602732685, -0.221176060776) (2.36350593121, 0.0870843499776, -0.690952468269) (2.51797688361, -0.120240461038, 0.166566709209) (2.48081169031, -0.0681701172066, -0.288611285383) (2.38467886133, -0.0737253561865, -0.697443329731)
4.443146330 (2.55154240406, -0.0383828395757, 0.406064419169) (2.53286364328, 0.0902028462087, 0.188753116927) (2.29959573721, 0.045506482318, -0.211084862904) (2.29460801734, 0.0890615749288, -0.679351079939) (2.50433749159, -0.119307817657, 0.170840685091) (2.47816324333, -0.0612617216309, -0.284283822041) (2.38679116626, -0.0737587499168, -0.69741233163)
4.473623305 (2.53650357035, -0.0386191847945, 0.401648153608) (2.52331064869, 0.0895897282329, 0.183763756875) (2.29673561948, 0.0428148977155, -0.216582243146) (2.22762290974, 0.088556537619, -0.679902408596) (2.49373371464, -0.119767993021, 0.165701609661) (2.47281971701, -0.0611208683035, -0.289711231613) (2.3895582209, -0.0737546046211, -0.706991504392)
4.507207468 (2.52235902534, -0.0355985153147, 0.400921398924) (2.51017366966, 0.0939915278174, 0.183771342972) (2.28974899438, 0.0545970337649, -0.219182894973) (2.15447352873, 0.0925013983209, -0.666959146739) (2.47822270638, -0.11491844825, 0.164581579966) (2.45971838382, -0.0586744328153, -0.291302980364) (2.38358654111, -0.0677827561339, -0.701046169957)
4.541797258 (2.51007241795, -0.0324490929777, 0.407802486535) (2.49911679345, 0.100588746725, 0.192699499431) (2.28425729776, 0.0606002713443, -0.212473417403) (2.08975241168, 0.090673424686, -0.648545945138) (2.46688212457, -0.107917536232, 0.170047457193) (2.46255773485, -0.0522507659221, -0.286087231516) (2.38618080346, -0.0667950680768, -0.693506079388)
4.574242188 (2.4931705386, -0.028160630434, 0.405588620397) (2.48248127268, 0.103972467052, 0.189895285024) (2.2816276344, 0.058580768582, -0.221213809966) (2.02778100822, 0.0839554388736, -0.646528688695) (2.44917824773, -0.104451712285, 0.168225241339) (2.44303063119, -0.0536160720241, -0.288555360473) (2.37706090946, -0.0704054149916, -0.702822513174)
4.605918248 (2.47589317469, -0.0253840062753, 0.40287762429) (2.46906987319, 0.108063589054, 0.187852716488) (2.26969572899, 0.0615620098489, -0.22385095791) (1.98080813068, 0.0818276494502, -0.642434644084) (2.43501439944, -0.100068005767, 0.16446264383) (2.4241846648, -0.052480143477, -0.292626336169) (2.38018517425, -0.0695733646361, -0.702747268303)
4.642303069 (2.45815855064, -0.0233155537332, 0.403610172343) (2.44839164898, 0.108075651465, 0.187441781702) (2.24809710126, 0.0603534801953, -0.223675860263) (1.93996294984, 0.0748989486973, -0.640106735262) (2.41436206396, -0.10032043911, 0.166460644495) (2.40438316904, -0.0557278015086, -0.290997143561) (2.37303555419, -0.07371134561, -0.696502491064)
4.672381118 (2.4375474228, -0.0194010996417, 0.395586139165) (2.42762866713, 0.110956449833, 0.178780862485) (2.22971008296, 0.0653946647923, -0.233719142944) (1.92254114061, 0.0768110780017, -0.653521161014) (2.39625240663, -0.0979180092924, 0.158466402544) (2.40338825127, -0.051083716418, -0.298528969741) (2.37170397411, -0.0708440943366, -0.703738326017)
4.705081872 (2.4175671799, -0.0173136543412, 0.392694183748) (2.40956199972, 0.11200981212, 0.17520049977) (2.21484825337, 0.0641527278775, -0.23855128745) (1.91457423933, 0.0745062086498, -0.651015394446) (2.38035419933, -0.097219588991, 0.15537095618) (2.39705596868, -0.0522305940784, -0.30163682612) (2.36852528104, -0.071444302851, -0.699474642466)
4.742435935 (2.39542335897, -0.0160993248981, 0.387890737254) (2.38544479327, 0.111309947837, 0.169342281473) (2.19415412742, 0.0657507735068, -0.246251803477) (1.89970630082, 0.0730049104455, -0.657576924305) (2.36051092708, -0.0986190225362, 0.151104580094) (2.37492923391, -0.0492137991337, -0.305639918672) (2.36189026043, -0.0724869602795, -0.703468880789)
4.774669948 (2.37355298725, -0.012514455739, 0.388647439903) (2.36024434676, 0.113192393112, 0.169301022721) (2.17474490772, 0.0734646685824, -0.249431450201) (1.89268188652, 0.0767467135618, -0.653902032781) (2.33826898416, -0.0971636751582, 0.152677751393) (2.35793556073, -0.0409936200083, -0.303091363819) (2.35711000744, -0.0701153805483, -0.695530997019)
4.804495524 (2.35097925518, -0.00826913155245, 0.392456696405) (2.33422676895, 0.116773024168, 0.172970033084) (2.15619359697, 0.0845771416385, -0.249538010476) (1.88989002694, 0.0780054465929, -0.649772872135) (2.31325580454, -0.093753557381, 0.157169817148) (2.33856689845, -0.032944817252, -0.297748488719) (2.35114493508, -0.0678615648737, -0.689049590831)
4.840635556 (2.33233303422, -0.00244555683626, 0.403527199467) (2.31367478682, 0.122559401923, 0.184151581354) (2.13550804154, 0.0976143810249, -0.238830369186) (1.92526369841, 0.0783876718646, -0.645514518183) (2.29417403791, -0.0881348835757, 0.168365092928) (2.32439037222, -0.016334311769, -0.284555107788) (2.35446697722, -0.0665039324319, -0.682066998053)
4.872607039 (2.31058645159, 0.00354810956479, 0.40935888335) (2.28845335116, 0.128971555984, 0.19053230449) (2.11838400059, 0.105375518076, -0.23583605885) (1.93148293901, 0.0793705667184, -0.643899184582) (2.27589986556, -0.0821783619553, 0.173660402362) (2.29738084421, -0.00968196804834, -0.279680435823) (2.35298598101, -0.0646024867611, -0.690833289)
4.906956859 (2.28970094922, 0.0106657057683, 0.415298718368) (2.26483933378, 0.136435244879, 0.196988262811) (2.10524800339, 0.110932842872, -0.233240185403) (1.94144239948, 0.0804790551448, -0.646108571751) (2.25539961524, -0.0747146387339, 0.179440506961) (2.26685327307, -0.00991131297046, -0.275350092976) (2.34663391849, -0.0603667083967, -0.689793409711)
4.942589363 (2.27046999929, 0.0177990007603, 0.424363608343) (2.24357811212, 0.143016358799, 0.205967497402) (2.08973019952, 0.113050560835, -0.226113633042) (1.94835964666, 0.0790084613516, -0.644625137687) (2.2353024582, -0.0682599167175, 0.188871580538) (2.23362626394, -0.0130748947979, -0.267173853983) (2.34097744078, -0.0598985132317, -0.684852226824)
4.973790580 (2.24995801949, 0.0266231212774, 0.428585180269) (2.21969674647, 0.153610234701, 0.21166218046) (2.07737299319, 0.122741257937, -0.22420835999) (1.94540686657, 0.0846224870655, -0.644809147837) (2.21353094852, -0.0576130774381, 0.192631075182) (2.19672956666, -0.0188730115893, -0.26446723652) (2.32673718478, -0.0565309622371, -0.687371949907)
5.13793959 (2.23183667266, 0.0330407907675, 0.432568950446) (2.1982401971, 0.1595260647, 0.215834225827) (2.06808637259, 0.12346899177, -0.223346173779) (1.94921534755, 0.0800064732228, -0.646894183799) (2.19631609817, -0.0517713628703, 0.196674198718) (2.16396229505, -0.0319101230697, -0.260524794382) (2.3170438329, -0.0607251163425, -0.689524563227)
5.41709132 (2.21294772518, 0.0395814394632, 0.430543629204) (2.17865959865, 0.166701392557, 0.214287071799) (2.06093398245, 0.131045534101, -0.228399843186) (1.94838963803, 0.0810672154291, -0.652891312114) (2.17723256713, -0.0445135098417, 0.194419767473) (2.11312002148, -0.0335666132296, -0.259026102989) (2.2990433016, -0.0565238656286, -0.697034873084)
5.71657282 (2.19358880905, 0.0443701485664, 0.427327483272) (2.15863100464, 0.171822489032, 0.211361913434) (2.05432775493, 0.13231397297, -0.234302345775) (1.94029611929, 0.0793754742741, -0.658089768713) (2.15888024046, -0.0393727691481, 0.190917515549) (2.06921915998, -0.0376213513602, -0.258342073324) (2.27768954639, -0.0561482497905, -0.695417790253)
5.111377813 (2.17539592316, 0.0454385174091, 0.424367680714) (2.13569129876, 0.1708273181, 0.208021665665) (2.04014880779, 0.125346879872, -0.239109727775) (1.93338998934, 0.0731618716359, -0.664852682798) (2.14348301741, -0.0403011093966, 0.188285797203) (2.03554218346, -0.0435779302934, -0.257374756018) (2.24915321987, -0.0625609751547, -0.688102011605)
5.139979514 (2.15647448234, 0.0492059421085, 0.413405714083) (2.11714974031, 0.174772913445, 0.197118810188) (2.03727642356, 0.130387549253, -0.253064856384) (1.93376248513, 0.0757747422669, -0.679338035729) (2.12593755069, -0.0361580464033, 0.177028995196) (1.99842933987, -0.0360400226406, -0.263617325994) (2.20519911565, -0.0602205146589, -0.686485517145)
5.176655224 (2.13678571821, 0.0504766675171, 0.402853296169) (2.09642435814, 0.17450654093, 0.185860432947) (2.02451994401, 0.121343152725, -0.264783193316) (1.92713807666, 0.0676348253559, -0.692602110517) (2.11040552995, -0.0362818522349, 0.166473662844) (1.97310973377, -0.0370073245071, -0.271669936847) (2.15490889416, -0.06822013481, -0.677683086324)
5.211046534 (2.12391828147, 0.0506839414194, 0.401673625417) (2.08377982267, 0.174087747536, 0.184293218651) (2.02340850299, 0.116158067161, -0.267470048365) (1.9317480612, 0.0637459148296, -0.696710831064) (2.1016223218, -0.0363902905643, 0.164999268837) (1.958010724, -0.0338025536138, -0.271389119667) (2.10443411454, -0.0712056641474, -0.660551553264)
5.243853589 (2.1053855214, 0.0556999713672, 0.394375536753) (2.06341600691, 0.180536433722, 0.178156345819) (2.00963427503, 0.124609783533, -0.274817867642) (1.92562559787, 0.0634099853581, -0.704345330059) (2.08298164287, -0.0296329775961, 0.15707277786) (1.92467706389, -0.0250984314415, -0.274105458407) (2.0359807368, -0.0682925244774, -0.659977815492)
5.275287867 (2.09039989839, 0.0583284411022, 0.38957075171) (2.04790328329, 0.184027816559, 0.17394157431) (2.00922045884, 0.11960628775, -0.279231409823) (1.92938756617, 0.0568734543767, -0.709410163214) (2.06870377796, -0.0259445687379, 0.15181143199) (1.90228667749, -0.025945885741, -0.276461577334) (1.97253746809, -0.0807934746807, -0.647796308038)
5.310971638 (2.07679075221, 0.0598902540586, 0.386961396182) (2.03318818082, 0.185609915828, 0.171554009343) (2.00636451434, 0.114016113075, -0.281412093913) (1.92510520765, 0.0568525379204, -0.712122610863) (2.05651259848, -0.0240707026146, 0.148956755701) (1.87442225806, -0.0437474178414, -0.271795276252) (1.93511298341, -0.0641124598046, -0.676925137856)
5.344537925 (2.06389694809, 0.0607433675552, 0.386374071717) (2.0191023611, 0.18639083943, 0.171166106371) (2.0028274104, 0.112007723008, -0.28193918053) (1.92344821937, 0.0572212909892, -0.713347580362) (2.04493507682, -0.0229534107754, 0.148165095957) (1.85665751394, -0.0490411232317, -0.26990431134) (1.87359491928, -0.0713730846379, -0.650333908469)
5.375221491 (2.05060446371, 0.0621030446813, 0.386670507262) (2.00393817262, 0.188723074378, 0.172435235558) (1.98944360537, 0.116974844561, -0.281318159689) (1.93960336515, 0.0567031389657, -0.715387068414) (2.03220105676, -0.0201351820984, 0.147912853913) (1.84146342192, -0.0482737763938, -0.26919771256) (1.80104436153, -0.0884559393269, -0.67303658387)
5.410846387 (2.03631368135, 0.0646580535287, 0.386263394227) (1.98833012903, 0.192345011065, 0.172962606122) (1.97918895891, 0.119583808054, -0.28082923042) (1.94901107388, 0.0572531040946, -0.716502642521) (2.01563451296, -0.0165036110995, 0.147331036104) (1.82036516532, -0.0492400938212, -0.267442935355) (1.73071100309, -0.097054960188, -0.677391244955)
5.442364613 (2.0207248054, 0.0645960761016, 0.383815392406) (1.9714161799, 0.192982293297, 0.171233313392) (1.97154845199, 0.119069604574, -0.282431192101) (1.95111642632, 0.0536032438165, -0.718584315294) (1.99866587284, -0.0157790144627, 0.14473663127) (1.80285700036, -0.0548356781519, -0.269294403026) (1.66763890416, -0.105967354646, -0.674157187595)
5.473017659 (2.0050200612, 0.0704131494573, 0.380842244527) (1.96273756191, 0.193467979192, 0.163788383723) (1.97468087541, 0.118291669607, -0.289434865716) (1.95983184774, 0.0547234273498, -0.726360470354) (1.98714182373, -0.0163767340237, 0.143796961076) (1.79604451453, -0.0612506506853, -0.271850896557) (1.60766251591, -0.104594940063, -0.658578354008)
5.508758908 (1.99256439052, 0.0618665987307, 0.377142400142) (1.95362090512, 0.170645451198, 0.152517100682) (1.96929529788, 0.0954412851399, -0.300690278062) (1.96059972282, 0.0292005381719, -0.737506713409) (1.98718756599, -0.0386518536374, 0.145468088227) (1.79442291044, -0.0858414464369, -0.26921594187) (1.57093547312, -0.12266727193, -0.641241182969)
5.543502211 (1.97808563358, 0.058993185867, 0.375037716998) (1.94551337448, 0.160502263458, 0.145997049896) (1.96341962105, 0.104668054939, -0.309562876109) (1.96381039194, 0.0285481146626, -0.744756175886) (1.97455223273, -0.0490519664253, 0.146699518917) (1.77129337186, -0.0748238159423, -0.264179785133) (1.52411687591, -0.107469422969, -0.624326155037)
5.573116106 (1.962202575, 0.0569841668014, 0.37250173408) (1.93470612591, 0.154844569952, 0.140994037836) (1.9503767389, 0.108071632518, -0.315814476149) (1.96783132562, 0.0112476762462, -0.745816676495) (1.95768445663, -0.0555438077116, 0.146127132145) (1.75174269531, -0.0700948380733, -0.264180506777) (1.49729115619, -0.0954923944302, -0.622185309431)
5.611149369 (1.94404046475, 0.0545552060453, 0.369833587902) (1.91758222778, 0.150024133518, 0.137054968045) (1.93632632792, 0.103009088538, -0.319773103738) (1.95898084392, 0.0108964855945, -0.751022820744) (1.94029958109, -0.0604481951477, 0.144532972981) (1.73000879086, -0.0650041738878, -0.263918158877) (1.49121065685, -0.0915836795825, -0.633252059557)
5.640742870 (1.92615925946, 0.0469453381178, 0.367749638691) (1.90307956373, 0.141075288742, 0.133958021194) (1.93065630747, 0.093968082603, -0.32241737002) (1.96343413579, -0.00248522717375, -0.752208506047) (1.92095659414, -0.0699695140623, 0.143349496058) (1.70764259425, -0.0686967227793, -0.263710190979) (1.48648111348, -0.0888987756904, -0.644499051462)
5.674089441 (1.90650962566, 0.0388132430829, 0.366261917899) (1.88103149362, 0.132730160758, 0.132582705453) (1.91473140235, 0.0869339588609, -0.323560072755) (1.96055558313, -0.000796829849302, -0.753955443715) (1.90406330633, -0.077868982548, 0.141640726324) (1.6946110887, -0.0692558679367, -0.267374510788) (1.48013633481, -0.0830696211396, -0.652857182453)
5.709517666 (1.88640843846, 0.0360137651028, 0.365935270544) (1.86027198193, 0.129688016023, 0.132205630218) (1.90230063556, 0.0821750631025, -0.323054808589) (1.96779688466, 0.00860040591703, -0.753127101174) (1.88408406822, -0.0808403312654, 0.141375342558) (1.67742772995, -0.0684381057373, -0.269043515053) (1.47120501344, -0.0768688635409, -0.659437899158)
5.743143388 (1.86621878193, 0.0267292518551, 0.36774110032) (1.83933782289, 0.118557705363, 0.133343860189) (1.8837420675, 0.0760125651234, -0.322221976747) (1.97238058537, -0.00685575400402, -0.746112103362) (1.86475758006, -0.0917842651707, 0.144023759496) (1.66387322126, -0.0841979592979, -0.269357765801) (1.46254365268, -0.0843924472968, -0.662555421054)
5.773533416 (1.84487480806, 0.0221157930222, 0.368647215098) (1.81990596104, 0.112412370313, 0.133436903368) (1.87164662189, 0.0729757088658, -0.321617409613) (1.97263957693, 0.00501138867103, -0.745579999821) (1.84252982717, -0.0981776192177, 0.145881156207) (1.64659417004, -0.0849824313367, -0.26972907074) (1.45627700618, -0.0778670186553, -0.668262551356)
5.812072601 (1.82332098833, 0.0204804217973, 0.37062611507) (1.80047555528, 0.110031767631, 0.134911370492) (1.85631912772, 0.0694239863049, -0.319595929972) (1.97152103997, 0.0108884254255, -0.741523721298) (1.81747198613, -0.101011230242, 0.148571403279) (1.63086589591, -0.0857149491319, -0.271182626248) (1.45147971746, -0.0712102217015, -0.674540243696)
5.843988007 (1.80241391145, 0.0160957949067, 0.373757600558) (1.78104150058, 0.105558299944, 0.137877857283) (1.83407102228, 0.0557403680534, -0.315988395857) (1.9815534474, 0.0083108331872, -0.728095718599) (1.79463070685, -0.105653594722, 0.151910766354) (1.62089166972, -0.0924198807888, -0.273265078624) (1.44930721412, -0.0715998857484, -0.679826490598)
5.873404953 (1.78109790798, 0.00838213170871, 0.376000293602) (1.75949344084, 0.0981298455493, 0.140242072176) (1.81526390257, 0.0552146832789, -0.31401158117) (1.97178959567, -0.003178750407, -0.722083292597) (1.77280017576, -0.1131396826, 0.154038837265) (1.61026132192, -0.101067647803, -0.275572412623) (1.45251519495, -0.0714140295435, -0.686986536562)
5.910248698 (1.76057999489, 0.000593615160971, 0.376719302074) (1.73870367837, 0.0898396843453, 0.140785819195) (1.79419689266, 0.0533222986139, -0.314081450075) (1.96842696249, -0.00628755410998, -0.71492306296) (1.75301432076, -0.121378112822, 0.154968017609) (1.60315256306, -0.106145997279, -0.279075529822) (1.4536252782, -0.0711179515523, -0.69327017101)
5.945884559 (1.73978727897, -0.00487923047538, 0.373612872102) (1.72169001648, 0.0832975991455, 0.13696241062) (1.77742819028, 0.0559011135144, -0.318479368217) (1.96548265629, -0.0114176079548, -0.711957598044) (1.73198528374, -0.12807293799, 0.152550690678) (1.59392085367, -0.106752445984, -0.285109004213) (1.45144359964, -0.0692026458454, -0.701683187899)
5.975138427 (1.71845353171, -0.00947967066268, 0.367098546169) (1.70567450564, 0.0785467163426, 0.130058065762) (1.75464555098, 0.0604924986402, -0.326552496201) (1.95735499691, -0.0172561845624, -0.710672228833) (1.70978862324, -0.13295827343, 0.146241034052) (1.58257841257, -0.106895309912, -0.294473525538) (1.4491467893, -0.0655807365574, -0.71368989333)
6.11231603 (1.70032768346, -0.0157343377676, 0.362544230425) (1.68755390892, 0.0712277258317, 0.125121029051) (1.72943874041, 0.0610092441241, -0.332423344774) (1.94650682886, -0.0367945621176, -0.703382455099) (1.69338018716, -0.140107045859, 0.142139013024) (1.57655838002, -0.110109290766, -0.30123137696) (1.45869899297, -0.0648277107475, -0.724486925487)
6.43645812 (1.68454144132, -0.0232268445605, 0.358521400227) (1.6718225982, 0.0638062927727, 0.121108925581) (1.72227560383, 0.0391639076011, -0.334824685649) (1.90951803101, 0.0154237411175, -0.72533861806) (1.68042670779, -0.147496421443, 0.137973701108) (1.57244642721, -0.112266730796, -0.307292213907) (1.46147471475, -0.062891821798, -0.732096188613)
6.75571768 (1.66862444572, -0.027466569012, 0.353351780959) (1.65587581845, 0.0591283891956, 0.11577527444) (1.68616043949, 0.0461163696999, -0.342036406018) (1.90680518302, -0.015359119113, -0.711280441591) (1.66677582719, -0.15205878848, 0.132949672882) (1.56587437834, -0.111046982598, -0.313528517892) (1.45890203987, -0.0581261375834, -0.739048327601)
6.111941444 (1.65322784928, -0.0364226764397, 0.347117859243) (1.64168381131, 0.050303065459, 0.109526501497) (1.67605407878, 0.0180929027063, -0.347028953124) (1.85843468074, 0.0316364784353, -0.735891103761) (1.6535970032, -0.160849669408, 0.126613921119) (1.55898813351, -0.114354716633, -0.320744190839) (1.45947098949, -0.0617326723588, -0.748129140237)
6.141620363 (1.63996846747, -0.0448714098366, 0.343462237781) (1.62959373922, 0.0425394941331, 0.106062907601) (1.64456428008, 0.0273374731646, -0.35210400225) (1.85159492447, -0.0172047427491, -0.727684474632) (1.64149569886, -0.168673978385, 0.122606504022) (1.5556493658, -0.112821991165, -0.325363014025) (1.45480421109, -0.0575086179981, -0.752166293506)
6.182578536 (1.62678704167, -0.0425124532803, 0.337840063299) (1.61886140843, 0.0454590981132, 0.10054912256) (1.61118359034, 0.0418242012891, -0.357901059812) (1.83321285396, -0.0201492949809, -0.728024311896) (1.62757122892, -0.165945391837, 0.116769000238) (1.54509961339, -0.0987111214079, -0.330252745781) (1.45716095989, -0.0486134028898, -0.760347942788)
6.208293050 (1.61577995993, -0.0455154043256, 0.33438597165) (1.60985090612, 0.0435041966991, 0.0974335398125) (1.58488329475, 0.0397277912062, -0.360711784739) (1.78671134372, -0.0243490202339, -0.744582734837) (1.61685222778, -0.168009380795, 0.112800579528) (1.53901805313, -0.0985887835172, -0.334838416802) (1.46283832007, -0.053781915361, -0.767691652607)
6.239257727 (1.6062224671, -0.0476030172521, 0.332922078534) (1.60244392194, 0.0431346283235, 0.0965847968783) (1.5608979753, 0.0313649597254, -0.360330989849) (1.72493812405, 0.0323265798872, -0.76153490051) (1.60865519964, -0.168511440324, 0.110485469867) (1.53406941474, -0.0921948426491, -0.336608296085) (1.47253482836, -0.0513854297009, -0.772075477286)
6.279658366 (1.59766936575, -0.0483531478515, 0.33196358334) (1.59633771477, 0.0446870846844, 0.0965049700644) (1.52802333912, 0.0354871419792, -0.35686077632) (1.66912425626, 0.0654770859312, -0.768426663268) (1.60127994273, -0.167119591194, 0.108400581796) (1.53152934827, -0.0869625521746, -0.338836588757) (1.47431312973, -0.0495308279845, -0.775380049248)
6.310508016 (1.59001812729, -0.0509454572977, 0.331183307489) (1.59033710521, 0.0447715810756, 0.0968047357583) (1.49485061069, 0.0406093650997, -0.351448117849) (1.60027629975, 0.0744770695498, -0.774704486548) (1.59519241079, -0.167153137114, 0.106318817048) (1.53343535287, -0.0904485452345, -0.342667558893) (1.47459248793, -0.0343157085501, -0.776700728985)
6.344831096 (1.58267328165, -0.0528777543268, 0.330064071773) (1.58351007449, 0.0462890997912, 0.0971377381302) (1.46386815234, 0.0570053427561, -0.344983129777) (1.52204907346, 0.0864827407624, -0.777246679672) (1.58983216585, -0.165711201237, 0.103554340887) (1.53301664145, -0.0915377649122, -0.346546555158) (1.47471529026, -0.0388450354916, -0.781339889593)
6.378566052 (1.57437078887, -0.0530778351776, 0.329173629858) (1.57569451605, 0.0480597543717, 0.0970889997485) (1.43441976231, 0.0707439011206, -0.338260487427) (1.4423151906, 0.0882616608352, -0.774415515211) (1.58272656185, -0.163949264447, 0.101728256148) (1.53108743367, -0.0920427158462, -0.349381081763) (1.47148885149, -0.0424487460735, -0.784492343562)
6.409493364 (1.56747598949, -0.0489214121393, 0.326798868807) (1.57127297801, 0.0548589400958, 0.0959232750228) (1.41088994708, 0.0845777227719, -0.332613458859) (1.36352334161, 0.0912237279839, -0.76570154171) (1.57876058179, -0.157184066002, 0.0982381278933) (1.53258080912, -0.0875731669037, -0.353827864592) (1.47183269103, -0.0379524259933, -0.788853428809)
6.441693164 (1.56033984368, -0.0432709409153, 0.322264684814) (1.56721042485, 0.0690494425989, 0.0956432911659) (1.38524917924, 0.0985940165277, -0.324250937917) (1.29466007668, 0.101000010069, -0.751484247746) (1.57323413245, -0.142980457762, 0.0900753369135) (1.53000127511, -0.0787951841302, -0.363082798965) (1.46925768466, -0.0325835160793, -0.798510401773)
6.479536816 (1.55077679504, -0.0361447782273, 0.312957011201) (1.55835048747, 0.084167764852, 0.090588788798) (1.35662698354, 0.102960229142, -0.320789803729) (1.23191828435, 0.103891671085, -0.740708382517) (1.56578383355, -0.127347939657, 0.0775070964575) (1.52718419796, -0.0768325556229, -0.377603998334) (1.46587518059, -0.0314036197514, -0.813060255071)
6.510803132 (1.54278053475, -0.0289826982242, 0.308013711715) (1.55274142726, 0.0956461530623, 0.0880667146745) (1.33612993061, 0.102769792829, -0.316246851242) (1.18265285217, 0.0977994033313, -0.727537364152) (1.55917207144, -0.115550791397, 0.0708527628335) (1.52804916494, -0.0789151787885, -0.386018094529) (1.46029654908, -0.0339072489465, -0.820526970419)
6.542848096 (1.53371361555, -0.025760552116, 0.304520458887) (1.54503253741, 0.100819434072, 0.0857415019018) (1.31480610904, 0.0993267213378, -0.31126020065) (1.1208361866, 0.0919813967249, -0.704256314333) (1.55243021412, -0.109937679869, 0.0666581007079) (1.52797640461, -0.0824743602692, -0.391324765404) (1.45471513463, -0.0403513230982, -0.825215182339)
6.579492453 (1.52499287616, -0.0192207758757, 0.301186750686) (1.53580860736, 0.114061869978, 0.0845291792157) (1.29978120155, 0.102762220653, -0.309223219191) (1.08653264854, 0.0889421777034, -0.693463036473) (1.54604565211, -0.103646870802, 0.061915982436) (1.52510821378, -0.0804793909462, -0.396618150865) (1.45863967201, -0.0406216600924, -0.831791734841)
6.613358569 (1.51377715045, -0.014486779674, 0.298441705213) (1.52443187132, 0.11946681171, 0.0825693516199) (1.29089288529, 0.102138835953, -0.312731365253) (1.07318671142, 0.083999814533, -0.695644017724) (1.53576851418, -0.0964034011663, 0.0587257430863) (1.51815300171, -0.0809277120874, -0.400298880932) (1.46594934441, -0.0405688225736, -0.837179945285)
6.640824534 (1.50150564442, -0.0101893651474, 0.296843605758) (1.51251864085, 0.124475381537, 0.0814613478942) (1.28857974702, 0.103274867191, -0.319197116034) (1.07667911235, 0.0821509961846, -0.705853564244) (1.52338042622, -0.0911225857694, 0.0568093914955) (1.51582046323, -0.0780084472788, -0.40253822173) (1.45431997744, -0.0499344468031, -0.839042512431)
6.679273420 (1.4877111713, -0.00319633329394, 0.293075864679) (1.49591814009, 0.130970308047, 0.0779118941006) (1.25561152268, 0.0994663278176, -0.312829960022) (1.14612659143, 0.0885521149269, -0.741038633792) (1.50852796028, -0.081835057928, 0.0527720162419) (1.51185704455, -0.0713002098841, -0.406659026263) (1.44638098488, -0.046295144147, -0.842950137078)
6.712707365 (1.47239827324, 0.00239142240555, 0.289993157255) (1.47755775785, 0.136253260626, 0.0748453416689) (1.23792133837, 0.096412719747, -0.315546844506) (1.18364765193, 0.091002409915, -0.754288039193) (1.49278305078, -0.0751257422881, 0.0495571387733) (1.48802364604, -0.0681455427904, -0.410168429685) (1.45517188346, -0.0555999405001, -0.85088614349)
6.746074613 (1.45719585292, 0.0098354421484, 0.289886676231) (1.46000804789, 0.143690040034, 0.074837776738) (1.2254216704, 0.102766845586, -0.318498611336) (1.19856092841, 0.100089294834, -0.759792244363) (1.47710736039, -0.06689656708, 0.0492905947908) (1.46978021253, -0.0615091428222, -0.410422635134) (1.45336877676, -0.0552421666668, -0.852191984034)
6.780168617 (1.44193631326, 0.0150263374444, 0.290128431501) (1.44239902115, 0.148859378429, 0.0751202205699) (1.223137189, 0.109792365149, -0.327144660074) (1.20979340756, 0.108462299045, -0.769059680642) (1.46173636832, -0.0612071856746, 0.0494290484683) (1.45442131061, -0.0572484417923, -0.410298890974) (1.44622350845, -0.0541182724721, -0.852330263452)
6.809661134 (1.42652991158, 0.0222469753955, 0.289289132623) (1.42564630615, 0.156066912718, 0.0743085297866) (1.21963492909, 0.118913812245, -0.335078698723) (1.21298621299, 0.118251167279, -0.777146667468) (1.4463418062, -0.0537001621438, 0.0485309879501) (1.4388056753, -0.0486775190796, -0.411183019405) (1.43470870873, -0.0471134929909, -0.853279684047)
6.843363963 (1.41194003404, 0.030559843328, 0.288400880551) (1.40959268253, 0.165147542226, 0.0739289806004) (1.21760790134, 0.125655641348, -0.342005143914) (1.2142888958, 0.12532494068, -0.784111027722) (1.43202572709, -0.0442638209918, 0.0473297771082) (1.42488669785, -0.0411524809429, -0.412407394548) (1.422838196, -0.0403707616303, -0.854520485171)
6.880670614 (1.39792852675, 0.0378189013579, 0.286765342418) (1.39470031647, 0.172021251562, 0.0720709267825) (1.21539424745, 0.127116448646, -0.348941964396) (1.21373551958, 0.126951258532, -0.791057314752) (1.41881597886, -0.0372062294382, 0.0458315803909) (1.41004647774, -0.0398627138293, -0.413880301462) (1.40902153689, -0.0394719285622, -0.85599736313)
6.910116547 (1.38405996709, 0.0430807026803, 0.284025860889) (1.37872970695, 0.17674093472, 0.0690410171841) (1.21054375947, 0.126663504194, -0.355958670212) (1.20971401079, 0.126580958726, -0.798076342949) (1.40511783087, -0.0322429542538, 0.0432051658632) (1.39265132992, -0.0406418228303, -0.41635222243) (1.3921382306, -0.0404464511798, -0.858470323575)
6.941163775 (1.37140100315, 0.0481733380662, 0.281388883463) (1.36418634677, 0.17976367793, 0.065197808886) (1.20882082332, 0.127915084779, -0.364444198552) (1.20840525905, 0.127873823487, -0.806562483161) (1.39297120573, -0.0291124980773, 0.0412472026677) (1.37921970162, -0.045697131872, -0.418051025632) (1.37896233997, -0.0455994498645, -0.860169371857)
6.978796789 (1.36012509811, 0.0529060809187, 0.279005685135) (1.35145231738, 0.180954839041, 0.0607795512173) (1.20845030766, 0.128126265059, -0.373015913499) (1.20824165249, 0.128105634409, -0.815134320939) (1.38201233519, -0.0280027017532, 0.0401148881855) (1.36015123527, -0.050378709025, -0.418622916038) (1.36002168141, -0.0503298699318, -0.860741384804)
7.11342299 (1.34899421923, 0.0572872961363, 0.278078052681) (1.33891360637, 0.18241501332, 0.0582326307218) (1.20596053293, 0.130125889702, -0.378812291073) (1.20585539335, 0.130115574375, -0.820930698893) (1.37042260873, -0.0266247383431, 0.0401916824659) (1.3380209943, -0.051728285248, -0.417780946322) (1.33795540537, -0.0517038637971, -0.85989944584)
7.44491579 (1.33954023112, 0.0610916704369, 0.279535057622) (1.32572684187, 0.179764879433, 0.0564199197601) (1.20834246785, 0.129883344741, -0.385339887713) (1.20828908606, 0.129878187074, -0.827458356758) (1.36062648951, -0.0291520951881, 0.0440234902997) (1.31539530913, -0.0593627982885, -0.412551218437) (1.31536170267, -0.0593505837513, -0.854669687555)
7.79972334 (1.33038507464, 0.0636170083597, 0.280668636173) (1.31332181659, 0.177614077031, 0.0553620887394) (1.2103022709, 0.13431920399, -0.390655263564) (1.21027476801, 0.134316609895, -0.832773732704) (1.35114188709, -0.030904285331, 0.0468220938642) (1.29400494025, -0.0586460418378, -0.40857302097) (1.29398720295, -0.0586399345726, -0.850691520663)
7.109218598 (1.32271246652, 0.0647796388681, 0.281642815967) (1.30419951102, 0.173852889348, 0.0540211646059) (1.21388428384, 0.134824496689, -0.395132388538) (1.2138697204, 0.134823199638, -0.837250857726) (1.34343488009, -0.0345421081351, 0.0497874999813) (1.27189571487, -0.0612053080776, -0.403633028869) (1.27188603422, -0.0612022563553, -0.845751498075)
7.144996104 (1.31624774277, 0.0657775246677, 0.282077165886) (1.29669817588, 0.170044466409, 0.0522903114226) (1.21571385028, 0.137198664176, -0.399131510249) (1.21570587863, 0.137198023277, -0.841249948943) (1.33813204538, -0.0379778766674, 0.052269712453) (1.25388779696, -0.061260355456, -0.399150052566) (1.25388214465, -0.0612588295979, -0.841268521787)
7.178313280 (1.30951482867, 0.0664998357518, 0.281726116398) (1.2889182733, 0.166699268764, 0.0502099109227) (1.21379842719, 0.138633685216, -0.402546450723) (1.21379362937, 0.138633380023, -0.844664919946) (1.33227036693, -0.040902981359, 0.0536680036375) (1.23420030732, -0.0600747168652, -0.395145646754) (1.2341967302, -0.0600739539389, -0.837264054947)
7.211045476 (1.30371111909, 0.0657012151904, 0.281296602804) (1.28260749052, 0.162684353005, 0.0484359778047) (1.21332856709, 0.138811509418, -0.405490784934) (1.21332547825, 0.138811356819, -0.847609254164) (1.32714440773, -0.0446181910752, 0.0546791613822) (1.21336390389, -0.0615176149043, -0.390503236233) (1.21336130333, -0.0615172334441, -0.832621705465)
7.240511387 (1.29908025251, 0.0659227100211, 0.279555134219) (1.27736249302, 0.160722022948, 0.0458259812015) (1.214541799, 0.141814565632, -0.409272954918) (1.21453944259, 0.14181448933, -0.851391424151) (1.32411377047, -0.0460537452676, 0.0538954505906) (1.19900842631, -0.0570342920856, -0.388424631257) (1.19900631403, -0.0570341013585, -0.83054310049)
7.278336955 (1.29511723577, 0.0658291590872, 0.278360843356) (1.27364398662, 0.158969552624, 0.0439273284785) (1.2150577803, 0.141974555931, -0.411811408962) (1.21505566803, 0.141974525405, -0.853929878195) (1.32187720181, -0.0474145742533, 0.0535167509202) (1.18671839629, -0.0569426624247, -0.385869501884) (1.18671652816, -0.0569425632494, -0.827988001636)
7.311621027 (1.2912613896, 0.0668761648823, 0.276357073339) (1.27112762294, 0.157613159104, 0.0408664093769) (1.21489505202, 0.140935141881, -0.415180426919) (1.21489318388, 0.140935111357, -0.857298896153) (1.320571783, -0.0483748299029, 0.0528569504175) (1.17556154712, -0.0575036279361, -0.383385726772) (1.17555992313, -0.057503578351, -0.825504196007)
7.342835736 (1.28758353019, 0.0663087609309, 0.274981415462) (1.26855364988, 0.154908544546, 0.0385830173424) (1.2128635584, 0.138435149678, -0.417537810814) (1.21286181234, 0.138435134412, -0.859656249531) (1.31827320755, -0.0508814721046, 0.0526738991682) (1.16469059781, -0.0608149471642, -0.380607427563) (1.16468897382, -0.0608149204673, -0.822725896799)
7.377405426 (1.28503152817, 0.0646507773137, 0.273305246858) (1.26601471165, 0.152242641666, 0.0365178411216) (1.21277200026, 0.137489760547, -0.419953978691) (1.2127702542, 0.137489745282, -0.862072447926) (1.31730140968, -0.0531065504423, 0.0515082533238) (1.16069597359, -0.0621911100612, -0.380708395556) (1.1606943496, -0.0621910948084, -0.822826834274)
7.412362380 (1.28255936154, 0.0634699973589, 0.272489124347) (1.26277253037, 0.149064880123, 0.0350334475132) (1.21171511499, 0.135847392163, -0.421734980668) (1.21171336893, 0.135847376898, -0.863853449903) (1.31802773594, -0.0551344484701, 0.0516318163297) (1.15945671435, -0.0610173360793, -0.379923021131) (1.15945509036, -0.0610173284559, -0.822041490366)
7.447951945 (1.28061697862, 0.0620577549641, 0.271048823864) (1.26147761265, 0.145785624268, 0.0328828785393) (1.21396706143, 0.135068149336, -0.4243335302) (1.21396531537, 0.13506814933, -0.866451968917) (1.31682144687, -0.0582041092732, 0.0512175751552) (1.15897759639, -0.0638825226232, -0.380606521568) (1.1589759724, -0.0638825149997, -0.822724960286)
7.480583990 (1.27909134778, 0.0602171693736, 0.270276429566) (1.25971724282, 0.143026416752, 0.0317976188922) (1.21168727414, 0.134570734956, -0.425411952001) (1.21168565015, 0.134570734951, -0.867530451754) (1.31652079499, -0.0605143749649, 0.0508964703026) (1.16030205978, -0.0649443845184, -0.38153273493) (1.16030043579, -0.064944376895, -0.823651234682)
7.513043250 (1.27793839954, 0.0580604878924, 0.269715520715) (1.2589101202, 0.140639466155, 0.0311233054507) (1.21188881333, 0.13346989036, -0.426213069685) (1.21188718933, 0.133469890354, -0.86833153892) (1.31670488334, -0.0626051183073, 0.0505253758764) (1.16129400585, -0.0663519736482, -0.382201348192) (1.16129238186, -0.0663519736542, -0.824319817428)
7.545479603 (1.27733159151, 0.0565520475532, 0.2691593706) (1.25859481738, 0.138550414704, 0.030339737273) (1.21081984551, 0.132231315266, -0.426931022301) (1.21081822152, 0.13223131526, -0.869049491537) (1.31682903514, -0.0645226593552, 0.0503209686821) (1.16562847941, -0.0682897476438, -0.383894631936) (1.16562685541, -0.0682897476498, -0.826013070654)
7.580721085 (1.27721735006, 0.0523567384482, 0.269417946459) (1.25844285571, 0.134562239707, 0.0306715096818) (1.21053360434, 0.128836950812, -0.42659306959) (1.21053198035, 0.128836950806, -0.868711538825) (1.31861750065, -0.0679645320583, 0.0505146724399) (1.17211725962, -0.0726049780207, -0.385300814218) (1.17211563563, -0.0726049780266, -0.827419283453)
7.609001180 (1.27796908038, 0.0466849005417, 0.269555059177) (1.25863647853, 0.129807235535, 0.0311716462998) (1.2097058556, 0.126684878679, -0.426009936666) (1.20970423161, 0.126684878673, -0.868128405902) (1.31878353251, -0.072810341385, 0.0500908589639) (1.17418538278, -0.0758344168352, -0.386373545203) (1.17418375879, -0.0758344168411, -0.828491983921)
7.645031577 (1.2781237547, 0.0435700253164, 0.269496617446) (1.25789979438, 0.127237194988, 0.0313760404853) (1.20854728357, 0.127657790073, -0.425770735633) (1.20854565957, 0.127657790067, -0.867889204869) (1.31892160106, -0.0751858139003, 0.0496263046238) (1.17860431711, -0.0747145580742, -0.388243342929) (1.17860269312, -0.0747145580802, -0.830361812164)
7.675720878 (1.27855577802, 0.0380131078053, 0.268427463028) (1.25695474459, 0.12099105199, 0.0301848208122) (1.20936772845, 0.123478891414, -0.427142442749) (1.20936610446, 0.123478891408, -0.869260911984) (1.32071019168, -0.0805638743471, 0.0487146159251) (1.19027877245, -0.0832559351745, -0.392192787667) (1.19027714846, -0.0832559351805, -0.834311256902)
7.713724888 (1.27992371157, 0.0341322648991, 0.268257230952) (1.25631218279, 0.116290922982, 0.0299274531774) (1.21043009951, 0.124992635856, -0.427498067989) (1.21042847552, 0.12499263585, -0.869616506706) (1.32179467911, -0.0846771516135, 0.0486222199738) (1.20808358843, -0.089676432518, -0.396870526407) (1.20808196443, -0.0896764325239, -0.838988995643)
7.745083886 (1.28204262859, 0.0293854980088, 0.269102651636) (1.25654572665, 0.110674072033, 0.0306689836917) (1.21200103271, 0.122865429102, -0.426808956327) (1.21199940872, 0.122865429096, -0.868927425563) (1.32366347566, -0.0897364022564, 0.0495896355948) (1.22556615929, -0.099651404922, -0.399517868456) (1.2255645353, -0.099651404928, -0.841636337692)
7.776802422 (1.28507354045, 0.0230177284565, 0.270376139038) (1.25790415586, 0.103472973812, 0.0318446683993) (1.21642108705, 0.121098935328, -0.425744031157) (1.21641946306, 0.121098935322, -0.867862500392) (1.32616155266, -0.0965330773457, 0.050996090042) (1.2490078411, -0.110752148894, -0.402064707492) (1.24900621711, -0.1107521489, -0.844183176727)
7.807808867 (1.28820869819, 0.0163428761572, 0.270752836506) (1.25927015043, 0.0963404867642, 0.0322726876738) (1.21798871788, 0.120767520188, -0.425021685841) (1.21798709389, 0.120767520182, -0.867140155076) (1.32964375506, -0.102948485087, 0.0512937304495) (1.27202739525, -0.11950569593, -0.404584720026) (1.27202577125, -0.119505695936, -0.846703158744)
7.845070127 (1.29367956561, 0.00778104141348, 0.273685189458) (1.26213335144, 0.0884405491612, 0.0357632319664) (1.22315341122, 0.11883570017, -0.421375342507) (1.22315178723, 0.118835700164, -0.863493750707) (1.33719322449, -0.109251634236, 0.0534179855557) (1.30045259438, -0.12717291177, -0.404564408178) (1.30045097039, -0.127172911776, -0.846682877413)
7.878844617 (1.29986844319, 0.00182385503619, 0.27720488108) (1.26772164136, 0.0833397243512, 0.0396693393692) (1.22740244293, 0.12116065169, -0.416798514853) (1.22740081894, 0.121160651684, -0.858916984088) (1.34553175128, -0.113310044769, 0.0563878035595) (1.3220915308, -0.130652766979, -0.402489963736) (1.32208990681, -0.130652766985, -0.844608371936)
7.909191910 (1.30599836872, -0.00625030400409, 0.280761438154) (1.27367260856, 0.0766571595403, 0.0437296202446) (1.22851685529, 0.117051532554, -0.412064449122) (1.2285152313, 0.117051532548, -0.854182918357) (1.35228251799, -0.119787314894, 0.0592450175322) (1.33820996598, -0.13557864161, -0.400071382806) (1.33820834199, -0.135578641616, -0.842189852041)
7.945682484 (1.31457739569, -0.0175768191606, 0.282359062891) (1.28044047562, 0.0668523672003, 0.0461201288322) (1.232481974, 0.111761973449, -0.408964549136) (1.23248035001, 0.111761973443, -0.851083018371) (1.36271077375, -0.12825186094, 0.0597913964635) (1.35692541688, -0.134568181629, -0.399932047255) (1.35692379289, -0.134568181635, -0.84205051649)
7.981433869 (1.32159757232, -0.02615897149, 0.283312162105) (1.28699702469, 0.0603179598263, 0.0478920011111) (1.23410161608, 0.111115487394, -0.406025071443) (1.23409999209, 0.111115487388, -0.848143571196) (1.37037278334, -0.134408510042, 0.0597034624357) (1.36892076548, -0.131256949824, -0.400086693367) (1.36891914149, -0.13125694983, -0.842205162602)
8.10105559 (1.32858918142, -0.0367073276139, 0.281462404978) (1.29364475882, 0.0510903765177, 0.0465735105062) (1.23438203592, 0.104227785482, -0.406287737268) (1.23438041193, 0.104227785476, -0.848406145468) (1.37783398869, -0.143375798309, 0.0571883746044) (1.384143556, -0.137018139635, -0.402527606217) (1.38414193201, -0.137018139641, -0.844646075452)
8.45615652 (1.33680051801, -0.0454925490694, 0.281629122863) (1.30100904481, 0.0445859823341, 0.0477402925378) (1.23339877426, 0.103247007944, -0.40326600514) (1.23339715026, 0.103247007938, -0.845384474375) (1.38772023582, -0.148892134676, 0.0562082967864) (1.39804710987, -0.134875693545, -0.403265206115) (1.39804548588, -0.134875693551, -0.845383675351)
8.79562581 (1.34733986972, -0.0578077760118, 0.281584528486) (1.30799602153, 0.0363786334258, 0.0499454060335) (1.23386462776, 0.0978129123655, -0.399664810562) (1.23386300377, 0.0978129123595, -0.841783218762) (1.39893790159, -0.155279651454, 0.0537418859528) (1.40958373438, -0.138159601974, -0.405619130328) (1.40958211039, -0.13815960198, -0.847737599563)
8.112712844 (1.35426373745, -0.068550834533, 0.281623687624) (1.31023055371, 0.0292701459214, 0.0523963408189) (1.23019485088, 0.0957562201136, -0.395479616418) (1.23019322689, 0.0957562201077, -0.837598085654) (1.40322978504, -0.161342471383, 0.0513091461888) (1.40498216169, -0.137644939921, -0.407879611472) (1.4049805377, -0.137644939927, -0.849998080707)
8.147753541 (1.35809896151, -0.0740034800524, 0.281338517286) (1.31579025639, 0.0273796729504, 0.0533070869985) (1.23329897776, 0.0974070570162, -0.393582563611) (1.23329735377, 0.0974070570103, -0.835701063364) (1.40609539191, -0.164488029704, 0.0498747484559) (1.4134704432, -0.138998866872, -0.40916217439) (1.41346881921, -0.138998866878, -0.851280643625)
8.179826449 (1.36621569476, -0.0833870714539, 0.281219926681) (1.32055920644, 0.0216370528334, 0.0555014511951) (1.23261506099, 0.0883825488888, -0.390850291812) (1.23261343699, 0.0883825488828, -0.832968761047) (1.41256671519, -0.169327086745, 0.0477053979032) (1.42351684143, -0.144254643568, -0.411283060901) (1.42351521744, -0.144254643574, -0.853401469102)
8.209426737 (1.37530716032, -0.0917987430762, 0.282308668921) (1.32571903156, 0.0146597043853, 0.0580756357334) (1.23293076592, 0.0838433654781, -0.386922039798) (1.23292914192, 0.0838433654721, -0.829040539551) (1.42230830843, -0.173889611997, 0.0475225465686) (1.42941589874, -0.146983564771, -0.411437715138) (1.42941427475, -0.146983564777, -0.853556153856)
8.245857392 (1.38213568399, -0.0997339368047, 0.283208118936) (1.32885065438, 0.00914855503786, 0.0610085008173) (1.23177807725, 0.0825750659559, -0.382392525065) (1.23177645326, 0.0825750659499, -0.824510994301) (1.42719381982, -0.178218970272, 0.0468250951515) (1.42667701396, -0.149482293093, -0.412078909912) (1.42667538997, -0.149482293099, -0.854197379147)
8.280542114 (1.38881419068, -0.107270228191, 0.286533289717) (1.33325938546, 0.00277075312438, 0.0654328468059) (1.2341271098, 0.0787611021112, -0.377079514895) (1.23412548581, 0.0787611021053, -0.819198014648) (1.43286889819, -0.183795594324, 0.0492917948869) (1.42845083318, -0.150937883501, -0.409314603683) (1.42844920918, -0.150937883507, -0.851433103436)
8.311253418 (1.39412392539, -0.115597433419, 0.2897292541) (1.33626369833, -0.00331893272436, 0.0703432819375) (1.23339263925, 0.0783123460564, -0.370307203848) (1.23339101526, 0.0783123460505, -0.812425673083) (1.43578091451, -0.189704122446, 0.0512820033068) (1.42836515335, -0.152240328274, -0.406932370702) (1.42836352936, -0.15224032828, -0.849050778902)
8.348007294 (1.39650565828, -0.119155942126, 0.291348294424) (1.33856742592, -0.00555733521202, 0.072639385536) (1.23404986719, 0.0817047129725, -0.366542130578) (1.23404824319, 0.0817047129666, -0.808660599813) (1.43684928828, -0.192490358145, 0.0524147203298) (1.42856840082, -0.15084047096, -0.405423338246) (1.42856677683, -0.150840470966, -0.847541807481)
8.380355093 (1.40031061018, -0.123117887989, 0.292902327079) (1.34238946572, -0.00845308266277, 0.0747291542118) (1.23484004841, 0.079120693353, -0.363657550961) (1.23483842441, 0.0791206933471, -0.805776020196) (1.43969281072, -0.195820151167, 0.0536000736545) (1.43122356389, -0.152701423121, -0.404098579932) (1.4312219399, -0.152701423127, -0.846217049168)
8.411327321 (1.40284370543, -0.126184651145, 0.293701817286) (1.34511298948, -0.0109673701441, 0.075758639447) (1.23344064919, 0.0772747562059, -0.361461684004) (1.2334390252, 0.0772747561999, -0.80358015324) (1.44171418583, -0.198667418523, 0.0542396078556) (1.42964568297, -0.151571485069, -0.402986055826) (1.42964405898, -0.151571485075, -0.845104494544)
8.447927060 (1.40228329014, -0.128088477056, 0.294386572762) (1.34556905133, -0.0120943616482, 0.0765824292757) (1.23004820097, 0.0771759964913, -0.359427552891) (1.23004657698, 0.0771759964854, -0.801546022126) (1.44018099266, -0.200788411093, 0.0548286027452) (1.42643817014, -0.152652810938, -0.402241476173) (1.42643654615, -0.152652810944, -0.844359975926)
8.478002470 (1.40232187807, -0.129300574083, 0.296906714222) (1.34594638346, -0.0129590796531, 0.0791992796964) (1.22941137317, 0.0765709526482, -0.356487456557) (1.22940974918, 0.0765709526423, -0.79860595631) (1.43927146121, -0.202267143682, 0.0572811512521) (1.42803595798, -0.152706180313, -0.399705105089) (1.42803433398, -0.152706180319, -0.841823604842)
8.509913349 (1.40265744727, -0.129000524022, 0.296640386085) (1.34553183042, -0.0121309504537, 0.0794143843685) (1.22832799735, 0.0774701796258, -0.356078242373) (1.22832637336, 0.0774701796198, -0.798196711608) (1.43747263013, -0.202028380758, 0.0567163537824) (1.42625079271, -0.150612528423, -0.400065297506) (1.42624916872, -0.150612528429, -0.842183766741)
8.546946725 (1.40392735437, -0.132515839182, 0.295748291577) (1.34600290901, -0.0149609791647, 0.0791035305874) (1.22921644324, 0.0714634995396, -0.357142637726) (1.22921481924, 0.0714634995336, -0.799261106961) (1.43853257098, -0.204457209873, 0.055465129186) (1.42845550894, -0.153068376648, -0.401346189394) (1.42845388495, -0.153068376654, -0.843464658629)
8.577675909 (1.4026575815, -0.133847142674, 0.295103734474) (1.3447499789, -0.0145227875847, 0.0794270672942) (1.22848486113, 0.0766175953631, -0.355997768096) (1.22848323714, 0.0766175953572, -0.798116206813) (1.43566611197, -0.20460542902, 0.0542480224055) (1.42491082099, -0.151265853658, -0.402324203717) (1.424909197, -0.151265853664, -0.844442672952)
8.614906095 (1.40212047732, -0.134655280633, 0.295709327267) (1.34437998736, -0.0144402369876, 0.0804814967538) (1.22975708002, 0.0766559301144, -0.3553877569) (1.22975545603, 0.0766559301084, -0.797506226135) (1.43481516122, -0.204647561662, 0.0545858398622) (1.42890642781, -0.151394165397, -0.402084899546) (1.42890480382, -0.151394165403, -0.844203368781)
8.646735820 (1.40159338034, -0.134658212257, 0.296422402933) (1.34333030853, -0.0148469581437, 0.0811056155998) (1.22969763492, 0.0761446383921, -0.355044739103) (1.22969601093, 0.0761446383861, -0.797163208338) (1.43437803075, -0.204788401891, 0.0553470414191) (1.42914153849, -0.15152450511, -0.401330566913) (1.42913991449, -0.151524505116, -0.843448975114)
8.678013109 (1.40080187255, -0.132177929519, 0.29784592879) (1.34484910091, -0.0121734200789, 0.0820250283559) (1.23309154571, 0.0794672826946, -0.3544737982) (1.23308992172, 0.0794672826886, -0.796592297953) (1.4334817916, -0.203364958528, 0.0570666949797) (1.42630865061, -0.149078806287, -0.399464254017) (1.42630702662, -0.149078806293, -0.84158275377)
8.714220555 (1.40093737971, -0.134080181219, 0.298422649484) (1.34544542288, -0.013964546047, 0.0825460070004) (1.23131642086, 0.0739464250389, -0.354106268487) (1.23131479686, 0.0739464250329, -0.796224737722) (1.4331992091, -0.205555526582, 0.057673736423) (1.4270593999, -0.153316749086, -0.399111137879) (1.42705777591, -0.153316749092, -0.841229607114)
8.745112746 (1.4008153098, -0.133141033718, 0.299472942901) (1.3461912727, -0.0134058847075, 0.083162016834) (1.2316665106, 0.07741473382, -0.352790565427) (1.23166488661, 0.077414733814, -0.794909004145) (1.43347899816, -0.205307905926, 0.0589828632029) (1.42635565634, -0.149313211632, -0.397342489053) (1.42635403235, -0.149313211638, -0.839460927771)
8.777355297 (1.40055847649, -0.133459088861, 0.299871045651) (1.34646141775, -0.0145153063989, 0.0829921550019) (1.23106519844, 0.0756515861645, -0.352866307847) (1.23106357445, 0.0756515861585, -0.794984746565) (1.43272375809, -0.206998338387, 0.0597300583599) (1.42714289679, -0.151042502563, -0.396621544679) (1.42714127279, -0.151042502569, -0.838739983397)
8.815445983 (1.39972790781, -0.132563553582, 0.300145310176) (1.34558592934, -0.0148749783465, 0.082596162124) (1.22991748794, 0.0772041789946, -0.352790101239) (1.22991586395, 0.0772041789886, -0.794908570474) (1.43178748325, -0.207512746123, 0.0604285481272) (1.42652216706, -0.149495004233, -0.395669241374) (1.42652054307, -0.149495004239, -0.837787710609)
8.847230521 (1.39961194468, -0.133311555106, 0.300396714411) (1.34493481063, -0.0157362535501, 0.0829169195206) (1.23006091844, 0.0783116853198, -0.35225879073) (1.23005929445, 0.0783116853138, -0.794377198931) (1.43187244684, -0.208031376793, 0.0606322984254) (1.42638667014, -0.14953281601, -0.395401479646) (1.42638504614, -0.149532816016, -0.837519887846)
8.878414923 (1.39821179234, -0.131538534736, 0.300574881175) (1.34397581952, -0.0136833720171, 0.0831339945763) (1.230202019, 0.0820763342756, -0.351957460682) (1.23020039501, 0.0820763342696, -0.794075929918) (1.42994958987, -0.206406826361, 0.0607851070021) (1.4239049676, -0.145495959892, -0.394925640452) (1.42390334361, -0.145495959898, -0.837044109687)
