0.110509485 3.31518704627 -0.0311699782474 0.31054995643  3.315362089 0.0759461227076 0.0836798691137  3.35048837941 0.0684216240481 -0.370125466214  3.33031568666 0.106753977928 -0.820280055205  3.32600299012 -0.133913732006 0.0819224447764  3.32708469774 -0.101449082647 -0.372510542599  3.28046130149 -0.152790913451 -0.784828150885 
0.142599359 3.33420926421 -0.0248185022774 0.317212972495  3.33050857979 0.079622775939 0.0891019326182  3.36363831784 0.0638551669183 -0.3648671527  3.32256423576 0.108888356499 -0.8143492406  3.3444165788 -0.130089964418 0.0896829362216  3.33294453461 -0.0850518061788 -0.363302281653  3.30416118214 -0.13378510435 -0.785020803857 
0.176577271 3.34948170408 -0.0183749036981 0.31792165663  3.34721754495 0.0850251810645 0.0892755772973  3.37275648991 0.0616224809899 -0.364918608312  3.32140158118 0.113006890131 -0.825726555665  3.36167535273 -0.124711063438 0.0909425163812  3.34166836932 -0.0711354380747 -0.360888525855  3.33560172553 -0.109380005342 -0.796128036045 
0.210624815 3.36062620386 -0.0119585667568 0.315770279024  3.35807029763 0.0909119625671 0.0868516482727  3.37749967018 0.0553204621271 -0.366807846926  3.32120233739 0.11667006689 -0.82888158423  3.37247537311 -0.118891542871 0.0890162071792  3.34015855964 -0.0596392316148 -0.361384919236  3.3524793474 -0.0890434565304 -0.793124985247 
0.242394883 3.37281956833 -0.00800339425194 0.321111481794  3.36527709103 0.094474717921 0.0921276838124  3.37621212937 0.0460989074098 -0.360553661288  3.31586474839 0.113428637982 -0.816472323901  3.38354740017 -0.115063911259 0.0943626020562  3.34703794492 -0.0509438289955 -0.355207240648  3.36789144195 -0.0736264382486 -0.781745891468 
0.278695250 3.38447750711 -0.0039813151159 0.319634784919  3.37563937725 0.0977137696557 0.090337103147  3.3937126082 0.0471855500618 -0.362040908188  3.32418282136 0.117723239459 -0.823684146448  3.39681593755 -0.111526997286 0.0931861464577  3.35669051664 -0.0475371925875 -0.356204529522  3.37967459944 -0.0616731784138 -0.782215539242 
0.309859299 3.39386739155 -0.0021962319017 0.319202926698  3.383203092 0.0985544422752 0.0895589381569  3.40062348126 0.0502527560804 -0.363223489726  3.31996602851 0.117079028413 -0.823231250099  3.4098488909 -0.110055552014 0.0931241479014  3.37432944377 -0.0518008340034 -0.357440861403  3.38823293464 -0.0566220796249 -0.781087518921 
0.341325065 3.40444894226 -0.00237944107655 0.321128974255  3.38871140492 0.0968739586631 0.0911809882362  3.42430366217 0.0515402042076 -0.360541630907  3.31919504985 0.112958084419 -0.822606186232  3.41630788942 -0.111548944121 0.095482644684  3.38617736968 -0.0572948319264 -0.355988268204  3.38405570461 -0.0575717714824 -0.777664774085 
0.376726985 3.4149924104 -0.00301754588766 0.323514494609  3.3901994585 0.0952157075983 0.0940070936102  3.43666031611 0.0639513747793 -0.357796742214  3.30933078147 0.114142259916 -0.824298654881  3.42125834264 -0.11277116257 0.0980086274766  3.3977860294 -0.0600140542696 -0.354040740044  3.38223246358 -0.059211415173 -0.778987155083 
0.410095945 3.42333762311 -0.00598944335367 0.319961668545  3.39421239799 0.0919923870725 0.090795988782  3.44349503179 0.0610438528876 -0.361009169663  3.3104188864 0.11075533917 -0.835808790714  3.42913748869 -0.115387809959 0.0942098009275  3.4032926093 -0.0601943128209 -0.357461170427  3.39001464716 -0.0590559338592 -0.790534119704 
0.439630859 3.43099998997 -0.00776751999034 0.321816010517  3.39406275742 0.0902592169672 0.0938617547125  3.43502187171 0.0670473083973 -0.3592399735  3.30904682721 0.112787987938 -0.830749459502  3.43086186527 -0.116805390906 0.0958793807751  3.39734852076 -0.0584710909413 -0.354849027011  3.38279321858 -0.0556117388884 -0.785194676674 
0.476725330 3.43785666716 -0.00715482581326 0.319090521464  3.39966137311 0.0935006086869 0.0924405915695  3.44574963522 0.0713117063231 -0.360335410855  3.31368546294 0.118526927096 -0.834848963846  3.43411672382 -0.113995907819 0.0920849962607  3.40702035407 -0.0506528753304 -0.358380678749  3.37979586224 -0.0517348005879 -0.792719506973 
0.509270783 3.44653566723 -0.0105221969639 0.327970219809  3.39907256087 0.0885027809014 0.102401790632  3.44295573856 0.0676634798129 -0.350737988483  3.31093356851 0.111647446163 -0.825750320925  3.43921687019 -0.117962647814 0.101380891223  3.40501748238 -0.056990464322 -0.34893096436  3.38185916649 -0.0612484686988 -0.78267770547 
0.538215463 3.45124880092 -0.0132519979958 0.324948077252  3.4006638716 0.0853391591221 0.0998210505338  3.44190251183 0.0658457498089 -0.353664803462  3.30782290718 0.115279881026 -0.839983219655  3.44235847108 -0.120759076398 0.0983993275595  3.41068299891 -0.0568538735345 -0.351737259585  3.37901366661 -0.0618674786321 -0.79443245576 
0.577776962 3.45523704384 -0.00868323105728 0.319081180278  3.41271972764 0.0937686009888 0.0940491709228  3.45222130936 0.0735732504806 -0.359585526179  3.31716708725 0.127128616826 -0.843982155346  3.44925270428 -0.113338335742 0.0911449229629  3.41417414545 -0.0458073976981 -0.358221281198  3.38381806092 -0.0515629718487 -0.797481423603 
0.609993459 3.45956831969 -0.00620310497914 0.315305773744  3.42104928766 0.0983323980645 0.0904943765326  3.44396469944 0.0743012780137 -0.363790482423  3.30935044382 0.124520792398 -0.844696360032  3.45701780679 -0.108810810882 0.0863589905094  3.41421222879 -0.0503641602535 -0.363486357022  3.3861828308 -0.0554248100863 -0.794867296547 
0.641898741 3.46353561521 -0.00603142187694 0.318300143936  3.42099339009 0.0996817020584 0.0947392040084  3.44224547875 0.0736264364936 -0.359675180698  3.30546622919 0.118808452081 -0.833334346252  3.45739940246 -0.107388858186 0.088836543429  3.40715560516 -0.0521756295028 -0.360670840378  3.37757961583 -0.0595102184272 -0.783566971977 
0.678050624 3.46653997198 -0.000252534059817 0.313799339444  3.43128875506 0.106953117439 0.0897066649706  3.46158894964 0.0787651031272 -0.364058888225  3.31304477011 0.127014755859 -0.844827965399  3.46443842214 -0.100685508966 0.0838820803172  3.41815214234 -0.0454015488881 -0.366108380771  3.38564107618 -0.0532499730565 -0.79448155237 
0.710883407 3.46766811697 0.00100145882693 0.307200946628  3.43655605547 0.109418461189 0.0830319935231  3.45589263873 0.0777232120863 -0.371047331657  3.31213218291 0.122397816776 -0.846598042613  3.46567496211 -0.0988081164233 0.0769664568786  3.41587015966 -0.0528631013072 -0.373638493238  3.37603024965 -0.059557633176 -0.797163340798 
0.741443742 3.47177725257 0.00223483826428 0.309724491104  3.43890371605 0.111385571863 0.0861773248654  3.45624786842 0.0793162614868 -0.368070495804  3.31027335201 0.121468015637 -0.832331190082  3.46260074837 -0.0974954598689 0.0796430581367  3.41031182408 -0.0540387084245 -0.370994643476  3.37331273706 -0.0603846428223 -0.793442688726 
0.777395667 3.4737215915 0.00374294138593 0.312047665115  3.43799771275 0.11394838897 0.0894372158887  3.458498154 0.072259636757 -0.363844857097  3.30704531572 0.123276826412 -0.832957765139  3.46363077349 -0.0946100190736 0.0813928712477  3.41309575843 -0.0523157176993 -0.369597742081  3.38071775623 -0.0575292460542 -0.793343228621 
0.812045250 3.47482535684 0.00350423908996 0.313328453297  3.43920084043 0.115199842974 0.0914193739449  3.45608945168 0.0767203136393 -0.362357116316  3.30667738846 0.121097847094 -0.837135681268  3.4618671016 -0.0936943456203 0.0823022862953  3.40615730353 -0.0571560027377 -0.36854156425  3.37608251121 -0.0577445417059 -0.79114002556 
0.843213419 3.47846992362 0.00252167586854 0.322018594939  3.43511860459 0.114929617713 0.101916642358  3.45439249815 0.0694616480432 -0.351114007055  3.30164252232 0.11865654442 -0.827061627129  3.46125946608 -0.0934718365608 0.0908288388203  3.41093612998 -0.0538691313938 -0.360393113787  3.37830203037 -0.0601127739096 -0.78350838088 
0.879674353 3.48390698303 0.000890736269554 0.333370198503  3.42981104485 0.113076479321 0.11570262682  3.44722042926 0.0692776617378 -0.33761977905  3.30504464956 0.116176759553 -0.822020074684  3.45873314851 -0.0948517439118 0.102955816484  3.41765882938 -0.0542882389326 -0.349064799857  3.37344781176 -0.0624943606489 -0.777873475354 
0.911293143 3.48216722 0.000963786994126 0.328833034483  3.43015331156 0.112697238634 0.110300648023  3.46371627561 0.06620602891 -0.341578030561  3.31099942167 0.117702957879 -0.83733760144  3.45753977533 -0.0955050838665 0.0985432232111  3.41871715568 -0.0523737910754 -0.353496139194  3.37480932754 -0.0591286291768 -0.789887518442 
0.941247249 3.47923996711 0.00112976778645 0.327148963204  3.42733030782 0.112057076287 0.108112975287  3.44966937734 0.0692823475521 -0.344835852499  3.30501478222 0.119901948653 -0.840667596547  3.45296872983 -0.0964478344216 0.0974435085562  3.41451428047 -0.0552604337107 -0.354845794166  3.36893386343 -0.0586628914812 -0.782839767368 
0.977054951 3.4781508656 -0.00140797012653 0.327284343181  3.42427416533 0.110405560545 0.109141962954  3.44179246617 0.059463272598 -0.343234718829  3.30286710003 0.117120210112 -0.837217942662  3.45360496167 -0.0975246448287 0.0967412814878  3.41163292015 -0.0517460247389 -0.35477864491  3.37638452696 -0.0569392351156 -0.786578564267 
1.11963298 3.47674000073 -0.00591884743458 0.329251938696  3.41952736831 0.104629519244 0.111302548627  3.43736671193 0.0541047434629 -0.341238273129  3.30221992084 0.11063287253 -0.833468672707  3.45535864738 -0.102226672384 0.0984625122288  3.41378870225 -0.055548842748 -0.353031765622  3.37864113731 -0.0596389529313 -0.784226765915 
1.41698659 3.47317846044 -0.00652569922001 0.324057005489  3.42387182432 0.105578372483 0.105062222  3.42514624421 0.0506637424589 -0.347057472625  3.30980874157 0.11969117372 -0.837058422262  3.45543162301 -0.10192218298 0.0926662320535  3.40823397026 -0.0477579734116 -0.357352515482  3.37701144538 -0.0536878709658 -0.792775038738 
1.77437357 3.47210182707 -0.00828528474057 0.329590487227  3.41831179382 0.105274244393 0.11240565673  3.39751981073 0.0502974872643 -0.33888534356  3.3051632982 0.116606043131 -0.82259807805  3.45038086124 -0.102029653925 0.0978610443072  3.39764391554 -0.0513982024356 -0.35196377419  3.37290528583 -0.0550091064466 -0.782767089084 
1.109190174 3.46977104304 -0.00982842226932 0.335267101013  3.41314531774 0.104421861829 0.119128774462  3.38401079755 0.0514990710963 -0.332232339837  3.30218575491 0.118101218046 -0.822255293675  3.44549563066 -0.102799485407 0.10344298669  3.39738344795 -0.0549505372242 -0.347223844034  3.37209741731 -0.0566865500573 -0.786401790707 
1.142094964 3.46464941327 -0.00995586341488 0.322142730177  3.42234007962 0.106383695225 0.104118303676  3.36595657177 0.0476851925235 -0.343277744711  3.31185950188 0.118945209574 -0.843503620225  3.44874459872 -0.101779019066 0.0893873106934  3.40762116951 -0.0497668867954 -0.361479618944  3.37823528361 -0.0579219019624 -0.807552448018 
1.177986965 3.46045336559 -0.0107198778131 0.3206280056  3.41890940871 0.107416382209 0.10328688012  3.32324490765 0.0527501029261 -0.336633270196  3.29386421057 0.11624230839 -0.827146010179  3.4397958597 -0.101232543148 0.0876046134614  3.3874419803 -0.0534777534592 -0.362466025535  3.36454004265 -0.0607987604343 -0.790952544197 
1.210448957 3.45445261944 -0.0135981280427 0.314011175835  3.41809639916 0.106979901561 0.0970607936291  3.28765508495 0.0503630856007 -0.333288931703  3.28981366747 0.112141501581 -0.832876830261  3.43812249203 -0.101596288308 0.0796655784703  3.39823835284 -0.0592750198628 -0.372124115729  3.37504980336 -0.0630482564368 -0.794538886512 
1.241672651 3.44963524898 -0.0177226097729 0.313250146167  3.41460593072 0.103566367927 0.0963897401662  3.23499915962 0.0477418938021 -0.313988384283  3.27233275875 0.108358699638 -0.823508357847  3.43459686549 -0.105025019825 0.0784767028709  3.40123371589 -0.0614503170877 -0.373831615745  3.37332061125 -0.0672249595658 -0.783487488559 
1.277429228 3.44654664063 -0.0204627353301 0.314512303509  3.41284812911 0.102617638631 0.0984077977704  3.2008930082 0.0505127951345 -0.297671913789  3.25266801163 0.105946685877 -0.8129051362  3.43064374682 -0.10608748094 0.0791382011562  3.39655842495 -0.0612690712911 -0.373096216492  3.36898124002 -0.065942871013 -0.78649729928 
1.309409171 3.4400017134 -0.0234654601766 0.310050230381  3.41093430033 0.101360017465 0.0943119643462  3.17831172126 0.0530427681886 -0.291905717562  3.22179379945 0.0982101985679 -0.805559930019  3.42923674856 -0.107178916772 0.0737339552257  3.38214165414 -0.0587859737646 -0.376809847618  3.3720481055 -0.0685266686468 -0.796990169432 
1.345346500 3.43294361365 -0.0257935691408 0.30927791744  3.40674290308 0.0960651183414 0.0914676651669  3.16555562493 0.0517565389293 -0.291234100882  3.18367475343 0.0864336303261 -0.791580297812  3.42183149855 -0.113046856266 0.0742447093555  3.36919928535 -0.0611712675815 -0.375378525664  3.36331985698 -0.0735801064692 -0.795792139324 
1.379225655 3.42364722047 -0.0279707730882 0.305344144215  3.40286398963 0.0931221032998 0.0865654729941  3.14144381832 0.056890380568 -0.283433841416  3.14507707983 0.0884586274039 -0.794280717559  3.41774165198 -0.116053257092 0.0704696541879  3.36716703125 -0.0567973927526 -0.378500496959  3.366803691 -0.068872070601 -0.805431251242 
1.409689887 3.41259620298 -0.0283818854582 0.307083625725  3.39153758187 0.0924282750745 0.0881190729479  3.12139451206 0.0608916802138 -0.276669241404  3.08864990574 0.0864909747618 -0.776644646032  3.40520089048 -0.11688377801 0.0723568767664  3.35695437469 -0.0516179029831 -0.376066530003  3.3559138254 -0.0687293417418 -0.797943113097 
1.446784917 3.4017158474 -0.0284694689115 0.311217546306  3.3805080564 0.0922929577664 0.0922156863376  3.11520747316 0.0679365602891 -0.277026640553  3.04095607524 0.0904574820067 -0.768008484515  3.39167917888 -0.117195251934 0.0766497883729  3.35019045585 -0.0463656618981 -0.371582130157  3.35169094649 -0.0662611641991 -0.789627973074 
1.479153460 3.38566849742 -0.029479529993 0.313831191677  3.35982472443 0.0899236572439 0.094649050886  3.10708267927 0.0717276147347 -0.283588500357  2.97680864337 0.0909294296075 -0.759621102892  3.36872534433 -0.11975692835 0.0803174752262  3.3355234932 -0.0518714912246 -0.369045150013  3.34164528891 -0.0665442745242 -0.790803290178 
1.506206400 3.37039385579 -0.0288464226477 0.318973978497  3.34013382838 0.0886863260041 0.099377043747  3.10582896301 0.0795781502907 -0.29048015835  2.92706767978 0.0968841571771 -0.752792856219  3.34688504162 -0.121187840483 0.0868690233457  3.31655793329 -0.0493969209964 -0.362143926784  3.33795487576 -0.0664490122009 -0.786206841075 
1.545901367 3.35473664388 -0.0269028232384 0.324908087523  3.31924834853 0.090292580159 0.105938750713  3.10739141604 0.0865493092892 -0.296296509304  2.87801248689 0.105142056516 -0.749194043216  3.32425884072 -0.119647380991 0.0937993890492  3.29912264892 -0.0477991304255 -0.355548190133  3.33776685913 -0.0599947587411 -0.787470207084 
1.574480634 3.33504523259 -0.0267503191225 0.32368794501  3.29705620743 0.0896710539406 0.104656422561  3.10767872969 0.0851637512625 -0.308534059188  2.83725852944 0.110119285664 -0.758155563441  3.30361162305 -0.120259998031 0.0929506489727  3.28553012603 -0.0511354154 -0.357140364326  3.33604416725 -0.0603936641473 -0.797567918042 
1.613561271 3.31316825873 -0.0236531247008 0.321139929665  3.27444144722 0.0892466392069 0.100387020156  3.10420329821 0.0971150019244 -0.320999744664  2.8115990656 0.114453908208 -0.764713330516  3.28271269479 -0.120778949919 0.0917561914369  3.26383651038 -0.0485495728439 -0.357855677708  3.33043919053 -0.0578992274906 -0.79405483593 
1.647743750 3.28972828682 -0.0191392528233 0.317351136371  3.25333301734 0.0934366556654 0.0960188115587  3.09213169448 0.108064069521 -0.329250280157  2.79798527377 0.119140114611 -0.76609597094  3.26151637581 -0.116588659125 0.0878003366781  3.23971318875 -0.0440014589391 -0.361644102281  3.32896356153 -0.0525113316047 -0.800388570744 
1.679902907 3.26649584183 -0.0127860723985 0.317410914091  3.23479783547 0.0996721451381 0.0952800490757  3.07646002048 0.117725587274 -0.331333840756  2.78752015806 0.124700714598 -0.768110947148  3.23782641305 -0.110545174671 0.088031624868  3.21561745975 -0.0364840913929 -0.361170808206  3.32139889062 -0.050787295518 -0.791490837879 
1.710972809 3.23983711836 -0.00553266127675 0.315935944875  3.21468134962 0.104754667071 0.0919852163514  3.06513501346 0.126539792806 -0.337723783288  2.78041296906 0.124879658829 -0.77099702944  3.21730807976 -0.105476097207 0.0869083024088  3.19048999167 -0.0298129343016 -0.361760376553  3.3165304992 -0.0548465060581 -0.790978979176 
1.746430183 3.21732589631 0.00036960121547 0.324130424536  3.19212447684 0.108668112658 0.0991610804574  3.04307983394 0.134641091187 -0.330639717899  2.77519792853 0.122799096155 -0.760185120636  3.19369506221 -0.101637667707 0.0960714750818  3.16414288159 -0.0379430397775 -0.354130274891  3.30243118335 -0.0580772478502 -0.780766952289 
1.778213381 3.19317109508 0.00704164593572 0.326425221513  3.16830659155 0.114221919213 0.100849247779  3.02525728914 0.144049289882 -0.330767704192  2.7740655804 0.124993374527 -0.76450097341  3.16905296247 -0.0961147327101 0.0989008807828  3.12464800269 -0.032101239202 -0.349880679135  3.29737986235 -0.0584375225999 -0.795139553363 
1.810830911 3.16914275705 0.0175573486141 0.332116563436  3.14603679488 0.126203549753 0.107039911856  3.01020403392 0.156823770721 -0.326858896457  2.77817593706 0.130692196388 -0.757414623762  3.14489986075 -0.0841310491515 0.103930235859  3.08407108516 -0.0216135723924 -0.342997473447  3.28685419358 -0.0534975473773 -0.799456043021 
1.845380480 3.14571283577 0.023067661416 0.340449870935  3.11903193187 0.127724484799 0.113951922061  2.98871066399 0.151211738036 -0.322050803591  2.77521822782 0.118893807533 -0.754394837507  3.11599462169 -0.0826124709392 0.114807096795  3.02548939278 -0.0320671948626 -0.327660649378  3.26108962704 -0.0682103342766 -0.791871964007 
1.877928727 3.12212419287 0.0293447830983 0.341322088928  3.09548162168 0.132613894143 0.114150769553  2.98069891517 0.155425606312 -0.326023430412  2.77610027581 0.122570621991 -0.759453800708  3.09062595733 -0.0776429825195 0.116505462684  2.9698429161 -0.0244448063375 -0.317944105865  3.23862693979 -0.0634331607747 -0.798192560208 
1.911110510 3.10184635571 0.0379177696031 0.348498188804  3.06960246872 0.141279570568 0.1221172495  2.97582072782 0.162379110122 -0.322752813128  2.77395234742 0.125986530544 -0.750366024264  3.06644651082 -0.069027402085 0.1242636234  2.91810808386 -0.0165831418168 -0.301630652893  3.20481664675 -0.0585715830015 -0.790692802227 
1.947144011 3.08213590952 0.0426432640667 0.354048371067  3.04027386668 0.144934247995 0.128833482718  2.97132196081 0.161417713592 -0.320369495822  2.77008004418 0.120836591089 -0.752463605255  3.04218529245 -0.0653997064724 0.131184794059  2.8716713585 -0.0131062196455 -0.286661427146  3.15473368212 -0.058937272185 -0.779300894629 
1.978939990 3.06393937139 0.0474238445049 0.357487829997  3.01992035062 0.148124038344 0.131905380601  2.95993943023 0.152356545073 -0.319144753084  2.77633490437 0.121897199086 -0.757561955867  3.02611986418 -0.0620719609185 0.134898766035  2.8393856019 -0.0149760243644 -0.319040581015  3.11041604927 -0.0553910749569 -0.777360790435 
2.10694133 3.04513172134 0.0546987311701 0.355815108554  3.00273452324 0.156499188841 0.130380938112  2.95574311002 0.15755762524 -0.322422447631  2.77814077911 0.127724682221 -0.760844433203  3.00761518651 -0.0537337377217 0.132619567649  2.80070778931 -0.00280128926914 -0.328158786111  3.04122218383 -0.043008428882 -0.769819276506 
2.44898333 3.02555917694 0.06093525443 0.352624506619  2.99057041981 0.163734800898 0.126471940435  2.94380075438 0.146615900465 -0.325966135454  2.78300722901 0.126906111839 -0.763073454985  2.99567031857 -0.0465356080747 0.127916929029  2.77515869333 0.00416309060821 -0.327649536991  2.97241507245 -0.0409401925499 -0.762980034506 
2.76812625 3.00823643298 0.062202189091 0.356597775816  2.97003259104 0.16426745556 0.130552429693  2.92568653967 0.138857212712 -0.321990055733  2.77655612549 0.118865522652 -0.752505438125  2.98173893286 -0.0457626337348 0.131620562966  2.72961650762 0.00325635670254 -0.314777116287  2.89274401763 -0.0452950498648 -0.743442632482 
2.109183752 2.9924576454 0.0645882166426 0.364706110142  2.94919740973 0.166944960816 0.139698899047  2.90978618523 0.137761283335 -0.313237006605  2.77469748777 0.122398451921 -0.747649901512  2.96692425181 -0.0425732617301 0.139226665967  2.69995348233 0.0093832046839 -0.292138213383  2.8130165431 -0.0418923809892 -0.722471148221 
2.146044392 2.97483389296 0.0639642238368 0.371391843823  2.92449871494 0.164725418188 0.147194930933  2.89405186494 0.130055460769 -0.306048472247  2.76906933214 0.117670663304 -0.74742167039  2.94534616258 -0.0444715839413 0.147064483265  2.6963835236 0.00841198872036 -0.2632630782  2.72534744651 -0.0473974446845 -0.702693848655 
2.179122669 2.95651602647 0.0629418558313 0.371623295385  2.90305048081 0.163215360156 0.147877962598  2.88495372512 0.128818885602 -0.306001807968  2.77192599532 0.118945866058 -0.753299122289  2.92682028941 -0.0457209882333 0.147378302535  2.70048484234 0.0123679287732 -0.259204987796  2.64291776372 -0.049920525023 -0.703935367163 
2.210694875 2.93765592129 0.0611242664127 0.370417126869  2.88110004655 0.161261162706 0.147336966566  2.87292907152 0.126712563967 -0.3068555846  2.76922751603 0.118288347295 -0.752041666088  2.91161398711 -0.0468173346775 0.145336976555  2.69900315414 0.0101023250335 -0.261128505303  2.56651176802 -0.050414202437 -0.701664456625 
2.245122918 2.91803970956 0.0613506920085 0.370426262644  2.86168256592 0.161091596753 0.147123643725  2.86435144006 0.125117371022 -0.307019493522  2.77116793971 0.119998887565 -0.751966477903  2.89266037413 -0.046839796571 0.14539495328  2.68894187692 0.00854515917009 -0.262120289635  2.48841609507 -0.0462281794839 -0.689261703943 
2.279084138 2.898325822 0.0628068459442 0.366338658056  2.84972477267 0.163965515232 0.141944641018  2.85558701864 0.124786474875 -0.31201012295  2.77985053304 0.123890383691 -0.754570208527  2.8791786563 -0.0442626556929 0.140247389276  2.68317134179 0.00855834445567 -0.269544981573  2.42422320085 -0.0419778735905 -0.691308648325 
2.312697964 2.87751673846 0.0669246245802 0.370043202265  2.82700357429 0.171561684214 0.147644263662  2.81996716985 0.12479159306 -0.305402692306  2.76817916766 0.127638441101 -0.745013036749  2.85580314889 -0.036735535135 0.142568352214  2.65939668537 0.0108000402686 -0.26681799605  2.35847444653 -0.0347222976858 -0.677251399981 
2.345995755 2.85379649669 0.0672911374875 0.363080978603  2.80773376205 0.175275190703 0.141325303682  2.80745034399 0.114748379969 -0.310043942716  2.77016815092 0.125253003766 -0.755676191028  2.83520276195 -0.0331247633313 0.133889472805  2.64351141076 0.00509280952487 -0.278160344927  2.31932745762 -0.0385167606336 -0.685472081381 
2.377653656 2.82989536365 0.0658439213979 0.358911663321  2.78633775081 0.17550936504 0.137435459178  2.79116619777 0.103438414148 -0.312242491299  2.76482905552 0.122016999352 -0.754577782744  2.81295176632 -0.032965138948 0.128857114352  2.61327875671 0.000440862078839 -0.279556046865  2.28869538824 -0.0413849838082 -0.685426863883 
2.412191561 2.80692541285 0.065483775379 0.363971318007  2.76111999509 0.177273066356 0.144023305104  2.77605054415 0.0935511821111 -0.303335239731  2.76190183576 0.123162854994 -0.746262098164  2.78413586093 -0.0315657544383 0.133680080916  2.58349508547 0.000117502860409 -0.274388426477  2.26615489035 -0.0418546787257 -0.677877952962 
2.446386402 2.78105309831 0.063504378892 0.361968483354  2.73704821202 0.177656416045 0.142848222626  2.75715018513 0.085509997879 -0.302770778216  2.76046115005 0.11957189206 -0.753086860938  2.758655868 -0.0312068277984 0.130648619334  2.57422358883 -0.00721056655036 -0.285055750819  2.25749518724 -0.0433104714904 -0.688900870372 
2.478356427 2.75458070475 0.0595900513068 0.363103529323  2.71053064923 0.175559791541 0.144926017785  2.73211238993 0.0763713484759 -0.299223506071  2.75474998596 0.113999239246 -0.753882921503  2.7309024598 -0.0333437934509 0.131169534266  2.54472971925 -0.0136685510929 -0.284188912746  2.24222370881 -0.048946285032 -0.692916683417 
2.514057830 2.72811956308 0.0535649754719 0.367961048395  2.68104948902 0.170296194481 0.150813455177  2.71009534525 0.0704771178225 -0.292823461819  2.75014649602 0.108295631943 -0.752591766898  2.70344180136 -0.0383169129658 0.135703631717  2.52072536458 -0.0217511797779 -0.281419537463  2.24001645966 -0.0528635561707 -0.689691821794 
2.545792557 2.70139427493 0.0445860488742 0.373587916582  2.65236179976 0.161523902826 0.156982200689  2.68696818501 0.0659863102154 -0.287233075354  2.74661989124 0.106027148225 -0.753077837928  2.67441719672 -0.047098246691 0.141504214405  2.50116365468 -0.0357635750117 -0.279729524203  2.23571863464 -0.0577116592683 -0.687313143898 
2.577542510 2.67278103674 0.0352109208836 0.375933267046  2.62410158659 0.153334849436 0.159883000296  2.64972306464 0.0673289849909 -0.286755948799  2.74038208421 0.107708422615 -0.755224665601  2.64773998544 -0.0550232104045 0.143056985735  2.48351329533 -0.0463879226821 -0.281837888324  2.23718223739 -0.0558793899456 -0.691007607282 
2.613820807 2.64728645289 0.0301772311979 0.38316752207  2.59414045058 0.150428336794 0.169400001829  2.60168788121 0.0812212951202 -0.280262608294  2.72836647146 0.113551067993 -0.746047436407  2.61839309608 -0.0576177968089 0.149846873196  2.46750012087 -0.0468300858414 -0.279794219885  2.23709190976 -0.0500725589175 -0.684000648942 
2.647252485 2.6241227137 0.0242517310737 0.398795292702  2.56421694992 0.146296802929 0.18795170171  2.54352604664 0.0906393325175 -0.262498295533  2.71172881378 0.114618061628 -0.734736157032  2.58796958522 -0.0615399514074 0.165833023156  2.45482342718 -0.0539615220234 -0.269467848858  2.23780972237 -0.0511467750309 -0.674411662321 
2.677818058 2.60151243056 0.0179251690633 0.411095790793  2.53952854135 0.141609471643 0.201775187171  2.49001681858 0.0927339388236 -0.24698641075  2.69411552277 0.115189339399 -0.736820687061  2.5597201383 -0.066478833097 0.178535550018  2.44796336549 -0.0594260857961 -0.262483082449  2.23888296383 -0.0530422407542 -0.67650407349 
2.711190231 2.57853027579 0.0124513450211 0.411875172087  2.51837328581 0.138122318129 0.20316234984  2.42936448288 0.0981877336743 -0.239339917209  2.66972802993 0.119432513063 -0.743923258614  2.53788665369 -0.0698267145044 0.178312668791  2.44508323 -0.061672220643 -0.26705375058  2.24372226805 -0.0514316196459 -0.688845644 
2.745567429 2.55682864255 0.00740749690057 0.414159065278  2.49805714729 0.134273702244 0.205735391994  2.38296533644 0.0994203589561 -0.231713404002  2.62963284688 0.12211149634 -0.732587112801  2.51597432156 -0.0737536367287 0.180207555187  2.42904198217 -0.0645683786564 -0.266700450691  2.24586265787 -0.0514441506937 -0.686420847174 
2.778192083 2.53678569981 0.00372642757596 0.4175575764  2.48053592884 0.131705125922 0.209098035699  2.34099737394 0.094755173366 -0.221384758634  2.58245637014 0.125424540214 -0.719220545469  2.49485544758 -0.0765995700156 0.183490195017  2.4159008798 -0.0658548649147 -0.265015649003  2.24676208181 -0.0505923293052 -0.682879102431 
2.814779152 2.51878695887 -0.000388503124918 0.423884363704  2.46485359088 0.128299688069 0.215243662151  2.29457151602 0.096780309536 -0.240231664519  2.52530017847 0.124615400824 -0.704149961987  2.4758161775 -0.0802125549898 0.189828887999  2.40678443743 -0.0644756030521 -0.260177663856  2.24889150217 -0.0519868412893 -0.677242269433 
2.845564657 2.49997618498 -0.00380765891549 0.425127535828  2.44713534424 0.125596620056 0.216645765808  2.24640790258 0.0983985331949 -0.249292156549  2.46027140182 0.122316440647 -0.697751712869  2.45624636764 -0.0829685778015 0.190983439864  2.39175025069 -0.0619513777276 -0.259572231435  2.24788831567 -0.051931001621 -0.680635698365 
2.880012885 2.48258631763 -0.00593829821053 0.429865331638  2.43171398029 0.123923048091 0.221170816351  2.21564548626 0.0963768290117 -0.241825948582  2.39457641308 0.11933605102 -0.679056036987  2.43780352104 -0.0848055824966 0.195814592813  2.37988061353 -0.0552566161819 -0.255126448089  2.24827773482 -0.0509064678724 -0.675566241788 
2.913487516 2.46472134224 -0.0070668652475 0.432778239056  2.41637610249 0.122668192862 0.223406605722  2.18119654828 0.0917855083208 -0.236444001365  2.32766117053 0.115765332509 -0.671559209163  2.41922883083 -0.0862330722951 0.198966348664  2.3725392891 -0.0483747576195 -0.252553774029  2.24828042247 -0.0524609569983 -0.676549090919 
2.947273642 2.44794154755 -0.00772717420903 0.42952341788  2.40864757005 0.122657513839 0.218819292802  2.18924253833 0.0890824967987 -0.21420800797  2.26377420881 0.117513411743 -0.669492385137  2.40921465408 -0.0862593694552 0.194420792187  2.37053633672 -0.0475147758105 -0.257873636666  2.25691418665 -0.0510346214212 -0.681896351636 
2.979024014 2.42902528095 -0.00888874843785 0.426502064023  2.39331675016 0.121473108466 0.215090543573  2.17260954809 0.0856446610441 -0.199567062474  2.1819194805 0.120119441946 -0.664700946773  2.39301420633 -0.0874836339798 0.190938689219  2.35429535678 -0.0474169617792 -0.261353954207  2.25126258599 -0.0516764459221 -0.679635710759 
3.13417555 2.40908190622 -0.00846808347374 0.422741211986  2.37445735866 0.122099160712 0.211224920709  2.16142424944 0.08539018728 -0.198710057277  2.10276936222 0.120783587551 -0.65635940848  2.37441116167 -0.0868489290582 0.186859686506  2.34623209368 -0.0435521651948 -0.265840405302  2.24913221812 -0.0505755664488 -0.677656149711 
3.47253129 2.39110020959 -0.00784086785839 0.421415167197  2.36028474176 0.122861338573 0.209406689687  2.15939200593 0.086479382696 -0.202233899299  2.03715663437 0.117345655808 -0.642069494619  2.36103004799 -0.0860746022943 0.184866159608  2.3410145433 -0.0399797890352 -0.268007378325  2.25400454217 -0.050823377989 -0.675290505987 
3.80012997 2.37210484828 -0.00806537868374 0.42119447281  2.34586408464 0.123070834553 0.208848942364  2.15361587138 0.0870287846968 -0.204815909333  1.96774728119 0.110497035069 -0.629684351969  2.34618849123 -0.0858344834705 0.184010745374  2.32692932874 -0.0382151541886 -0.268824404224  2.25285391298 -0.0505626629162 -0.673513158011 
3.114791718 2.35289317791 -0.00891120864393 0.420228448408  2.33019318705 0.120310019544 0.206316742846  2.14759509651 0.0872337796711 -0.210851470713  1.9014177453 0.100390475814 -0.625100551197  2.33173635102 -0.0887995176353 0.183285914427  2.31324038221 -0.0443123762544 -0.269934339293  2.252397147 -0.0538575559514 -0.671055636802 
3.146736041 2.33106746529 -0.00264998610463 0.418586652358  2.31421341668 0.128657182222 0.205397215362  2.13877790155 0.0988212640685 -0.214586637301  1.84555250126 0.107919330973 -0.620202762985  2.31037083205 -0.0802386448823 0.180832776354  2.29078841984 -0.0303409430695 -0.271772940904  2.24306506971 -0.0423974500017 -0.672128844711 
3.178155222 2.30908869525 -0.00362085364709 0.414818849789  2.29190847744 0.125844752879 0.200517094045  2.1067859992 0.0879948144633 -0.214247850964  1.83837635859 0.0943511741208 -0.599234047661  2.28861863406 -0.0831890269066 0.177687028007  2.27303231974 -0.0347409297085 -0.275242846386  2.24042937779 -0.0554189631317 -0.671466420478 
3.216235023 2.28622785292 -0.00271730259462 0.415047022141  2.26847561608 0.125150529232 0.199813521061  2.07607115565 0.090352733868 -0.211835918684  1.83157266272 0.0957957673545 -0.593687758021  2.26900609054 -0.0840751615696 0.178245464916  2.26041534098 -0.0229940735874 -0.273133913322  2.23997724236 -0.0535943836463 -0.666098559931 
3.247411225 2.26249567076 -0.000464259689461 0.416095205017  2.24184109262 0.12640532947 0.200530507323  2.05021713938 0.0938372198946 -0.21171659154  1.81872745109 0.0959862719292 -0.592623562888  2.24367381641 -0.0828815137755 0.179782575789  2.2356289324 -0.0113199130765 -0.270069613292  2.23045183846 -0.0501845179697 -0.666302504434 
3.279787241 2.23497930378 0.00112032086742 0.415076873473  2.21226857604 0.126658120014 0.198929526471  2.01994514794 0.0974093209186 -0.213259586424  1.80827210231 0.0951042831462 -0.600723194894  2.21471849228 -0.0827646462574 0.179390882221  2.20805835255 -0.00434171234687 -0.269410790096  2.22192618848 -0.0500483722232 -0.670308393528 
3.314196078 2.20591897745 0.00273891438878 0.410270827874  2.18115967068 0.125665581733 0.19285970971  1.98983071548 0.104746696569 -0.220235260109  1.80013825921 0.0943132452733 -0.616225972634  2.18392160848 -0.0839821589778 0.175777668318  2.18218063971 0.000509259188374 -0.271990071263  2.2161324689 -0.0492996714283 -0.674571128594 
3.346532913 2.17758619639 0.00702982832588 0.40982897638  2.14957200975 0.129055259101 0.192318764337  1.96659836189 0.114899679775 -0.224725973722  1.7884365503 0.0986934284258 -0.625118019495  2.15163912684 -0.0806670386053 0.176116303133  2.15661469449 0.00938173150262 -0.270537096495  2.21167249277 -0.0437318853815 -0.673141790923 
3.379013972 2.14724267013 0.0111314214654 0.408377458199  2.11309885289 0.130441752325 0.190348500361  1.94393023531 0.117012282667 -0.232348510087  1.77636376779 0.0949208468485 -0.636679193411  2.11303805144 -0.0794993108271 0.176961415626  2.12071578001 0.00629474661118 -0.270544929719  2.19686782313 -0.0463537392311 -0.670900891816 
3.413210001 2.12034423638 0.0141627967754 0.412430047237  2.08321018846 0.132231025472 0.194165214763  1.93496707058 0.121526173389 -0.235991986074  1.77589816958 0.0942682801358 -0.643330070607  2.08259226291 -0.0777636743697 0.182033014887  2.09186646419 -0.00409624375776 -0.26748381911  2.19327896621 -0.0440767214688 -0.665827087129 
3.448087966 2.09318992131 0.0174533521682 0.410767030525  2.05287106203 0.134827486906 0.192648388948  1.92606284103 0.128251184932 -0.244169291014  1.76719989605 0.0949546724407 -0.651177450766  2.05388985668 -0.0752007381125 0.180878670853  2.05243972813 -0.0128093554993 -0.270276154756  2.1796519726 -0.0413339469691 -0.674107859828 
3.480084531 2.06524067877 0.0218816552666 0.408719403696  2.02362885199 0.138978655129 0.190665494652  1.91251054897 0.134329687398 -0.250604482933  1.76350064368 0.0946452563867 -0.660638801924  2.0238537029 -0.0710790833047 0.179293850762  2.00783256317 -0.0187079148889 -0.272697438659  2.16013316287 -0.03931701656 -0.675058837936 
3.513905508 2.04029287214 0.0283872131949 0.400871106662  2.00015955804 0.146613166699 0.183145240894  1.90941941623 0.140876612079 -0.262648096456  1.76314036047 0.0966240453465 -0.673284308413  2.00254529198 -0.0633549336696 0.170326079301  1.96609290015 -0.0162282517704 -0.280832020448  2.14226301272 -0.0369939620835 -0.681707209796 
3.548060540 2.01879209249 0.0368267094135 0.396451782563  1.98779622183 0.15687088801 0.178440116629  1.9088407649 0.144211799773 -0.269671440278  1.77153838758 0.0987073281474 -0.683227942777  1.99137897035 -0.0529564189301 0.163883829057  1.93355002984 -0.0146203390805 -0.285657218294  2.11412608055 -0.0344760600651 -0.670826002927 
3.579851211 1.99871149895 0.0419538100308 0.394192701049  1.97294109089 0.161127425241 0.174963608695  1.89796041915 0.133745558025 -0.273239271406  1.76114507785 0.0941031334764 -0.687610900205  1.97613248595 -0.0487736364936 0.161412815725  1.88435241738 -0.0162614118223 -0.282025140609  2.06188813141 -0.0397806418995 -0.652183110851 
3.614489618 1.97818449097 0.045697596783 0.389649838217  1.95439235416 0.164382026297 0.169868553537  1.88097702991 0.126487614477 -0.277994274941  1.75971659615 0.0886728990423 -0.697098626892  1.96078760726 -0.0454678113582 0.156536132588  1.84559237859 -0.00755932946432 -0.281223454046  2.00522985335 -0.0456625905871 -0.645233073632 
3.646522361 1.95944570042 0.0507212401099 0.388950566228  1.93842150942 0.167872598737 0.168038518817  1.87353160184 0.12223327652 -0.280478927768  1.75934940775 0.0843286517828 -0.701686272027  1.94549499086 -0.0420274836199 0.156202738443  1.810392076 -0.00674975112064 -0.276387265178  1.93999455732 -0.0480775640964 -0.632529709009 
3.680130181 1.94053617057 0.0478143865936 0.390413678899  1.9184762184 0.162034909507 0.168047808389  1.86063002347 0.112600653141 -0.281137693854  1.75460655561 0.0642381802597 -0.703324194059  1.92960244302 -0.0478221472517 0.158651832464  1.77406718417 -0.0137687329687 -0.267249985753  1.87075844069 -0.0605475487921 -0.620653233988 
3.715874187 1.92231838484 0.0515218849836 0.39077321237  1.90226686239 0.161658461416 0.166194184458  1.86141563433 0.11771692037 -0.285188630578  1.7508780236 0.0660687405997 -0.705955405949  1.9137192735 -0.0482771349456 0.160699391417  1.73191346027 -0.0245004075071 -0.254923872661  1.82308796246 -0.0342462521852 -0.64611594951 
3.746068480 1.90399418361 0.0496795401482 0.393700281631  1.88342826185 0.15723070362 0.167893411371  1.85268214569 0.110140220504 -0.28409002672  1.74977623641 0.0597586932176 -0.706968707566  1.89614313248 -0.0526756179329 0.164701103927  1.69048912119 -0.0366231850182 -0.239987319134  1.7630442872 -0.0481496137598 -0.652965826613 
3.783487995 1.88506244643 0.0445676236842 0.3955366854  1.86200373284 0.149453677902 0.168702526322  1.82929065476 0.113155767212 -0.284186284793  1.77950717799 0.0581958141442 -0.712737737672  1.87881138355 -0.0602036852887 0.167566661364  1.66128203403 -0.0462862027633 -0.231638533261  1.68926102865 -0.0697331901398 -0.656405191822 
3.816085201 1.86592756772 0.042485785362 0.395899884349  1.84180184211 0.145266851376 0.168208429385  1.81523081535 0.118381606681 -0.285755080805  1.79858294255 0.0646739954805 -0.717449233523  1.86057580702 -0.0642008836194 0.168790635818  1.63294722367 -0.0474399666635 -0.225030610578  1.61736621399 -0.0884470543831 -0.652575948245 
3.846691771 1.84730539191 0.0410794211825 0.399005085808  1.82428635895 0.142069490896 0.170393079295  1.80695847935 0.119087768311 -0.284268813846  1.81180816516 0.0642646202313 -0.717073915891  1.84439724362 -0.0672843628464 0.172640197809  1.61640880871 -0.0539983198014 -0.221465165917  1.54292294504 -0.102863503671 -0.642376272944 
3.882147819 1.82742588435 0.0401133867047 0.400502320695  1.80598595483 0.139898097991 0.171195484162  1.79621434372 0.118178503382 -0.283818914762  1.81451201766 0.0653653076534 -0.717314648479  1.82443986254 -0.0696058472868 0.174779156615  1.59347428121 -0.0620703149029 -0.217881555063  1.47203667995 -0.113008310559 -0.628714025259 
3.915254941 1.8059922839 0.040095233939 0.398658557872  1.78684251497 0.139765566126 0.169090253577  1.78474119289 0.117672334835 -0.286038660216  1.81542838036 0.0682326663661 -0.719655655263  1.80265677657 -0.069954888177 0.17309208758  1.57265532638 -0.0685242907587 -0.220280450148  1.41028807795 -0.117721504294 -0.618391166608 
3.948136474 1.78541419948 0.0278943545947 0.397504855384  1.76460012438 0.127582562061 0.168084201245  1.77052420769 0.101710513509 -0.286806308189  1.81014924076 0.0577412453023 -0.720562923469  1.78418928594 -0.0818229217102 0.171749839742  1.55408386693 -0.0897810346959 -0.221459459079  1.36648384947 -0.135519150547 -0.610922988128 
3.985349675 1.76286649835 0.0171740054301 0.394505731663  1.74094598042 0.115856629838 0.164756758224  1.7576772863 0.0977239932361 -0.29012858766  1.81492572806 0.0567395233453 -0.722098036229  1.7636100943 -0.0932074653805 0.169075827809  1.53175649377 -0.0968511621801 -0.223240428702  1.3313975798 -0.142032325691 -0.608166755733 
4.16366218 1.73886123579 0.0127455219826 0.386393881363  1.72227276318 0.104397172514 0.153440893587  1.7518409627 0.0923564257165 -0.300909694152  1.81303213436 0.0563996268634 -0.733058417457  1.74122474494 -0.104776402892 0.164751859132  1.51140079785 -0.107050890576 -0.228821729053  1.30670713845 -0.144058081667 -0.613367043458 
4.48976624 1.71410220646 0.00610318765221 0.380804250629  1.69775739632 0.0932594863338 0.146114979609  1.7313366882 0.0856286358615 -0.308194042663  1.81437051098 0.0535000346115 -0.736581005381  1.71728556289 -0.115484628338 0.16137638249  1.4899409733 -0.115788708966 -0.233662272175  1.29217648229 -0.148877318391 -0.622681870455 
4.82941476 1.689184009 -0.00407678306604 0.374827657588  1.6747065239 0.0764100516875 0.137678846018  1.71566241046 0.0672509537748 -0.316043563946  1.80849022835 0.0559892250482 -0.743241140032  1.69442660545 -0.131832078637 0.159007692042  1.47245382313 -0.130002998969 -0.239042548517  1.27823252706 -0.160522770611 -0.630381770408 
4.115666073 1.6609688206 -0.0172910295057 0.367482790525  1.6447728397 0.0592119894644 0.129088700233  1.68350529807 0.0605675394515 -0.324878498316  1.81160733185 0.0471801392079 -0.741685365348  1.66852002962 -0.148231496307 0.153603810762  1.45004868522 -0.140924055999 -0.246298676546  1.26533220995 -0.159735998539 -0.642814523315 
4.147340108 1.6330895607 -0.0278249625547 0.360369245471  1.61629800176 0.0474611448191 0.121578901873  1.65398964407 0.0611294770855 -0.33221078736  1.82212957842 0.0474219877032 -0.733339212593  1.64083450118 -0.159784134012 0.147067947491  1.4304821362 -0.145872019106 -0.256882756895  1.25125608344 -0.152356884594 -0.656317401298 
4.182258652 1.60748812642 -0.0388489766533 0.351019180819  1.59226639547 0.0347495926178 0.111566874668  1.62471935389 0.0583378771075 -0.342219468907  1.82863808762 0.0320295212232 -0.725223819019  1.61645329124 -0.172392774595 0.138718885437  1.41635247595 -0.153219681481 -0.270103377602  1.24577602993 -0.149502870299 -0.673347349431 
4.213838260 1.58361815755 -0.0498690304581 0.347143902287  1.56873395206 0.0232574254897 0.107504781542  1.59643567408 0.0509397553324 -0.346459904566  1.81271535605 0.0329490336586 -0.724868719028  1.59480317262 -0.183633164789 0.13506413403  1.40305986399 -0.157932071616 -0.277381435465  1.24329097936 -0.143098643587 -0.68469957419 
4.247568652 1.56073952351 -0.0613977094668 0.343257389645  1.54515402588 0.011066672677 0.103448837883  1.56485183084 0.0414366676692 -0.350773875466  1.79025711119 0.0307790064017 -0.725107039854  1.57225327681 -0.195640754944 0.131483345278  1.38992887486 -0.163166662696 -0.284707192896  1.2381658184 -0.142800124205 -0.694987519231 
4.283135749 1.541805717 -0.0730241675645 0.340173444301  1.52514428081 0.00386653928631 0.1018448617  1.54192169754 0.0275831937021 -0.353059985086  1.74725247781 0.0143835895332 -0.740063302788  1.55504136922 -0.203002436209 0.125882410576  1.38449291737 -0.160619288864 -0.294250141679  1.24401023237 -0.137584877518 -0.708407523609 
4.314908051 1.52379060614 -0.0823545560034 0.337882006568  1.5055302897 -0.00354718517999 0.100572060822  1.51958164992 0.015017151712 -0.354664456249  1.70571830919 0.000233664325575 -0.751200845536  1.53674328209 -0.209208909061 0.122011399298  1.37447482507 -0.160061342264 -0.300742353415  1.23999590964 -0.135062156667 -0.716910438551 
4.345916213 1.50861948122 -0.0893613561148 0.335683179238  1.48941787915 -0.0100577214303 0.0984755318711  1.49108392344 0.0284234286411 -0.353730635751  1.69623788997 0.0676991017239 -0.736716130538  1.52324708186 -0.215888813982 0.119576848042  1.37103632548 -0.15897181632 -0.305920685512  1.24476577762 -0.134859639757 -0.724734674822 
4.381154842 1.4965484752 -0.101465953677 0.334171016546  1.4739689327 -0.0172808788397 0.0989169948683  1.44974960385 0.0207781790791 -0.352937820347  1.62832465016 0.0645089261171 -0.748563964575  1.51474709084 -0.222652395009 0.115255590202  1.37039445881 -0.159509385817 -0.312167021045  1.24918810252 -0.131999943337 -0.7323239855 
4.415273835 1.48406289345 -0.106156574185 0.333278057037  1.46152741155 -0.0191143519692 0.0990354029954  1.41391768393 0.0261449564882 -0.350492833993  1.5548513211 0.06992189476 -0.760152989126  1.5042572201 -0.224337644722 0.112871305613  1.36423390344 -0.153176171751 -0.314790991336  1.24659565717 -0.125291311807 -0.73599493545 
4.446894092 1.47274209126 -0.108798896347 0.330252921619  1.45108477784 -0.0196256055371 0.0966852063679  1.38359954494 0.0334114962771 -0.34969343674  1.47402914582 0.0662229665969 -0.77248862975  1.49437634836 -0.224972400865 0.108870105946  1.36018236213 -0.151142373157 -0.320282278944  1.24690202763 -0.125020314588 -0.74280926763 
4.482404965 1.46271055238 -0.102820303129 0.324051267793  1.44572144044 -0.00913308010977 0.0918918758487  1.365495956 0.0512220834656 -0.351842296023  1.40290686905 0.0797717089513 -0.781913722507  1.48634161575 -0.215264590413 0.100978030356  1.35923745928 -0.139458096232 -0.330005572592  1.24694699181 -0.113329938141 -0.752832094944 
4.515032343 1.45277546842 -0.100887020531 0.319079563564  1.4391864951 -0.00392374637543 0.0880547111321  1.32540975232 0.0604343347498 -0.348631974218  1.34426392682 0.0748232895032 -0.786289361592  1.48021462095 -0.210064448123 0.0948335521294  1.35912928707 -0.143957883007 -0.339382006521  1.24504156721 -0.114051380687 -0.761474238824 
4.547415623 1.44334719337 -0.0982263648553 0.3074759605  1.43110391561 0.00219286331133 0.077846687232  1.3021025666 0.0705616752853 -0.353971213557  1.31149472972 0.0777301362984 -0.792111506849  1.47462128769 -0.203542007731 0.0818790591249  1.33658879938 -0.128086795758 -0.345947841694  1.27900804733 -0.112993028382 -0.780186460758 
4.584426423 1.43529222117 -0.0945737378877 0.300085181982  1.42437364259 0.00957473389343 0.0720487688383  1.29063853721 0.0769777403533 -0.358478983948  1.29532404805 0.0805545092732 -0.796738888857  1.46860267289 -0.196042350273 0.0730143656561  1.31809704301 -0.116397036717 -0.349817829923  1.28937385147 -0.108867990307 -0.787110387994 
4.615867814 1.42856320322 -0.0941251389475 0.296710725498  1.41880611796 0.0127932765226 0.0698936989569  1.29081821573 0.0747051885231 -0.363197917713  1.29315766369 0.0764915893283 -0.801487599161  1.46504392782 -0.192387379825 0.0687057239429  1.31322288144 -0.116566678949 -0.35435925489  1.29890241095 -0.112813145736 -0.792408701803 
4.647298100 1.4247865939 -0.0959370882446 0.295447464224  1.41313911698 0.0170352143248 0.0717416049047  1.29631160222 0.0793833550638 -0.36443081753  1.29747991086 0.0802760442917 -0.802727910448  1.46500824891 -0.186694264722 0.0650392049088  1.31186750503 -0.111834567229 -0.357721127353  1.30472001439 -0.109961348244 -0.795958405789 
4.684250931 1.41890633032 -0.0922240513723 0.295196478743  1.40683550675 0.0246155420462 0.0735058797681  1.30046722151 0.0835501412633 -0.365805924347  1.30105032671 0.0839963561737 -0.804104876688  1.45954104933 -0.178614908583 0.0631851295319  1.2970410754 -0.107049373886 -0.356641605119  1.29347024819 -0.106113756204 -0.794925649623 
4.715481120 1.41429952954 -0.0945795523028 0.295764610899  1.40173980931 0.0251852388286 0.0756241235833  1.30597908558 0.0758850919294 -0.367141912611  1.30626971112 0.0761081612342 -0.805441321641  1.45636794748 -0.17744315205 0.0626831270271  1.29835628185 -0.116637778479 -0.360539498134  1.29657097878 -0.116170225223 -0.798835206911 
4.748687977 1.41060789163 -0.0973990620178 0.296343268258  1.39702143535 0.0240206516423 0.0771341659393  1.30889485733 0.0758717511992 -0.367081467999  1.30903936512 0.0759832782192 -0.80538102908  1.45435464305 -0.177792036398 0.0626702712632  1.29890034743 -0.117124455558 -0.361518076792  1.29800713505 -0.116890739967 -0.799816657499 
4.782843218 1.40731566788 -0.100699847731 0.296468219316  1.39206600237 0.0216675126361 0.0778720228868  1.31130805805 0.0777022806932 -0.36723537701  1.311379568 0.0777580442005 -0.80553496834  1.45295804038 -0.179047916162 0.0624406468767  1.29673127926 -0.116597669092 -0.361204897438  1.29628399016 -0.116480826558 -0.799504151169 
4.813813595 1.40310278343 -0.101526660692 0.297320590748  1.38548055725 0.0225416682865 0.0798630291321  1.31409087696 0.0836638692843 -0.36617505398  1.31412576592 0.0836917472201 -0.804474614658  1.4494321544 -0.177060365027 0.0625026257703  1.29144061933 -0.11273674187 -0.36020707527  1.29121610876 -0.112678316792 -0.79850657396 
4.847460875 1.39782764634 -0.104037895278 0.2973677903  1.37719089401 0.0205140251507 0.0804518809929  1.31920147325 0.082237961848 -0.367442925535  1.31921817378 0.0822519008132 -0.805742516664  1.44247793401 -0.178547985175 0.061897808175  1.28547261881 -0.119061196165 -0.361886374637  1.28535968062 -0.119031983628 -0.800185934772 
4.883433055 1.393528823 -0.105632240903 0.297077034607  1.37236179564 0.0200330065121 0.0808387548103  1.3300593688 0.085358141807 -0.368299807459  1.33006691408 0.0853651074719 -0.806599368037  1.43782265901 -0.1788884106 0.0611314220765  1.28954328213 -0.118665566589 -0.365680945254  1.28948600805 -0.118650956508 -0.803980505593 
4.914748940 1.3886110598 -0.10640162237 0.285801204282  1.36650542567 0.0253468849944 0.0734312903599  1.3321375647 0.0912948178367 -0.376293131744  1.33214059339 0.0912983044811 -0.814592661787  1.43717109446 -0.171191284698 0.0483322759101  1.29125145601 -0.111030253002 -0.379301312857  1.29122201399 -0.11102295178 -0.817600873298 
4.946808991 1.38575692104 -0.10599794633 0.282724493574  1.36472855167 0.0297436413155 0.0727850871699  1.33990184755 0.0889111412173 -0.378507729355  1.33990267898 0.0889128807223 -0.816807289908  1.43571769178 -0.166073263303 0.044318578856  1.2815992449 -0.116387763737 -0.381781440976  1.28158371891 -0.116384116944 -0.820081001469 
4.982133177 1.38206003547 -0.106611164866 0.285878926099  1.35742582979 0.0312071002089 0.077649646465  1.33274112447 0.0807614185644 -0.374807446705  1.33274073521 0.0807622883139 -0.813107007253  1.43049405677 -0.16346126772 0.0463327887173  1.27902199576 -0.122016130138 -0.381593473746  1.27901342778 -0.122014306744 -0.819893003747 
5.13455348 1.38228528859 -0.110752811377 0.290828937479  1.35507503332 0.0277142632048 0.0833068664037  1.33883467708 0.0728475081469 -0.369993870455  1.33883379954 0.0728479353898 -0.808293431001  1.43344842497 -0.164765395051 0.0511543568449  1.29251421297 -0.129410443981 -0.380898851675  1.29250918503 -0.129409528473 -0.819198351171 
5.49933463 1.38020119983 -0.113713390322 0.292683162663  1.35167197563 0.0245862409085 0.0852089632545  1.33387497232 0.0717366653439 -0.367827989199  1.3338736065 0.0717368789619 -0.806127580262  1.43312055801 -0.166583053726 0.0531198579272  1.28689777461 -0.130145877209 -0.377081936513  1.28689445566 -0.130145419458 -0.815381497051 
5.81123144 1.37876346326 -0.115428102024 0.29302911521  1.34963463014 0.0226774008749 0.085486177159  1.33493392982 0.0729032112869 -0.36733125847  1.33493231986 0.0729033180925 -0.805630757979  1.43164888578 -0.168295568288 0.0534380853788  1.28707759124 -0.132346911095 -0.377362576822  1.28707500471 -0.132346682223 -0.815662137362 
5.112644644 1.3758445166 -0.116539685011 0.291550732377  1.34599522543 0.0210613863774 0.0837574917968  1.33416121902 0.0728211543104 -0.36897114821  1.33415960906 0.0728212077102 -0.807270647719  1.42898897331 -0.169591400201 0.0520424042313  1.2848520027 -0.133139109822 -0.378861470014  1.28484990446 -0.133139003018 -0.817161030556 
5.152622191 1.37354080203 -0.120093984245 0.287008199335  1.34492369 0.015911110072 0.078000247808  1.33727949392 0.070346876824 -0.374504667965  1.33727788395 0.0703469073357 -0.812804228509  1.4294335579 -0.174440534921 0.0484226058454  1.28718367087 -0.138260805359 -0.383130826723  1.28718181677 -0.13826074433 -0.821430387266 
5.182084680 1.37152249634 -0.122178922078 0.286246549034  1.34316563931 0.0128768476329 0.0765867410821  1.33267523248 0.0734118852412 -0.375085553152  1.33267362251 0.0734119004941 -0.813385083178  1.42573410705 -0.178428082079 0.0477124143561  1.2815247283 -0.135819770847 -0.382602088896  1.28152311834 -0.135819740335 -0.820901679957 
5.215251238 1.36811672661 -0.123409967914 0.282834177511  1.34067356623 0.0110193899011 0.0726449625163  1.33146244532 0.0749786151004 -0.378583076773  1.33146083536 0.0749786303533 -0.816882637317  1.4223868141 -0.180774407851 0.0445739226231  1.28359245442 -0.134075973579 -0.387094619684  1.28359084445 -0.134075958326 -0.825394119193 
5.251035962 1.36744180477 -0.123876118769 0.283707806699  1.33956822392 0.0111217074657 0.0739374928216  1.33437516149 0.0775292086852 -0.377000903635  1.33437355153 0.0775292163086 -0.815300433661  1.41927878546 -0.181386128862 0.0449392141909  1.28574076044 -0.132571433828 -0.388150932507  1.28573915048 -0.132571418575 -0.826450523569 
5.283797925 1.3648393925 -0.12444289316 0.284424552098  1.33679015209 0.0108964584612 0.0748944732409  1.33215031622 0.0760519589967 -0.376232584915  1.33214870626 0.0760519666202 -0.814532114942  1.41607346635 -0.181717943004 0.0454664476444  1.2850563114 -0.132556330141 -0.388353810852  1.28505470143 -0.132556314888 -0.826653340879 
5.315006533 1.36309720412 -0.121476018761 0.287152036525  1.33671190264 0.0144000478039 0.0777495760673  1.33572221619 0.0785953910013 -0.37353786537  1.33572060623 0.0785953909954 -0.811837425914  1.41123252662 -0.180046940278 0.0478608135707  1.28343081927 -0.12996739263 -0.386812758739  1.2834292093 -0.129967392636 -0.825112258248 
5.352290624 1.3595430085 -0.119955714739 0.289651866475  1.3349488436 0.0161996552805 0.0802253363276  1.33414240075 0.0753319269464 -0.371753740914  1.33414079079 0.0753319269405 -0.810053301458  1.406426991 -0.179322333296 0.0503192510222  1.28432145435 -0.132218793167 -0.386320025194  1.28431984438 -0.132218793173 -0.824619585738 
5.381231673 1.35724662392 -0.117277363188 0.292913288484  1.33321752294 0.0183431883497 0.0830729684195  1.3329380687 0.0740223064337 -0.369345106119  1.33293645874 0.0740223064278 -0.807644666663  1.40298839937 -0.177880314066 0.0536681711236  1.28716044931 -0.132289995507 -0.384838163064  1.28715883935 -0.132289995513 -0.823137662572 
5.414801009 1.35733488089 -0.114922260325 0.295305378004  1.33430516954 0.0203811295092 0.0851431090776  1.33635861335 0.0722664901407 -0.367721186799  1.33635700338 0.0722664901348 -0.80602077786  1.40174572836 -0.176733376492 0.0561138696579  1.28946001443 -0.132109765503 -0.38341202405  1.28945840447 -0.132109765509 -0.821711584593 
5.449820963 1.35633048712 -0.113715278541 0.296719932474  1.33289806739 0.0205370195738 0.0859346791876  1.33400266766 0.0696574726977 -0.367241136641  1.3340010577 0.0696574726918 -0.805540666667  1.39869825036 -0.177237675406 0.0576111342699  1.28614862367 -0.133523748614 -0.381938684249  1.28614701371 -0.13352374862 -0.820238244793 
5.482819202 1.35592949374 -0.114656190353 0.297846703967  1.33308288909 0.0196608033642 0.0870314192314  1.33543724459 0.0689804836435 -0.366118034  1.33543563462 0.0689804836376 -0.804417564027  1.39810719432 -0.178385886195 0.058753348355  1.28909760108 -0.1339635266 -0.381616856703  1.28909599111 -0.133963526606 -0.819916417247 
5.514724763 1.35515825817 -0.116211483408 0.297559688977  1.33274793215 0.0184567387183 0.0869164760038  1.33464965081 0.067811710914 -0.366231220805  1.33464804084 0.0678117109081 -0.804530781349  1.39677248155 -0.17988586058 0.0583482476669  1.28647723573 -0.132660756074 -0.381409754792  1.28647562576 -0.132660756079 -0.819709315336 
5.552448650 1.35481206771 -0.117779950866 0.296248624575  1.33224805519 0.0169108994798 0.0856339613605  1.33364757336 0.067249840473 -0.36740730355  1.33364596339 0.067249840467 -0.805706864094  1.39669740868 -0.181295071061 0.0570400966976  1.29013323759 -0.133768225554 -0.38360447037  1.29013162763 -0.13376822556 -0.821904030914 
5.582615564 1.35835394528 -0.124418609731 0.291639968987  1.33397462392 0.0118774623709 0.082298048036  1.33574620437 0.0646858528203 -0.370460747538  1.33574459441 0.0646858528144 -0.808760277564  1.40651307318 -0.183332754733 0.0524647127422  1.30080057913 -0.133729749481 -0.388156175813  1.30079896916 -0.133729749487 -0.82645570584 
