0.552294652 3.63385918054 -0.0321309163113 0.313707111077  3.60727714095 0.079239980616 0.0904822026116  3.6105376372 0.0261709465716 -0.361869921184  3.59799981152 0.0571572973074 -0.85821542567  3.60504986485 -0.130874880472 0.0848860804245  3.63281245241 -0.0885392377225 -0.367369575756  3.68894783659 -0.130759307405 -0.839382141575 
0.586443398 3.65122441875 -0.0338293998885 0.313053055592  3.62251298543 0.0775911642049 0.0900938715008  3.61246165014 0.0407262629347 -0.363463830839  3.61982506852 0.0685672666973 -0.830013174296  3.61897467424 -0.132433697731 0.0846087160435  3.62830169985 -0.0863713847235 -0.368025473494  3.68511626356 -0.118447889594 -0.835252366758 
0.619038858 3.66374004378 -0.0350841985816 0.311806702246  3.63511186005 0.0774756556736 0.0893450459256  3.61697649192 0.0531251595236 -0.364895243907  3.63850039353 0.073357526946 -0.816500974828  3.63070245211 -0.132631545888 0.0829585264805  3.63962687908 -0.0837286429285 -0.369761110797  3.68781523164 -0.119062976726 -0.837645137903 
0.654566634 3.67679984678 -0.0362304900268 0.307542524636  3.65153469845 0.0764135288032 0.0846977382867  3.61011100742 0.0519538620274 -0.367695084412  3.66883610053 0.0795237379237 -0.80662126448  3.6458186502 -0.133726400031 0.0783668266685  3.65491765504 -0.0902514978341 -0.375066037568  3.69314752168 -0.119006331773 -0.833600357685 
0.685695552 3.69077638644 -0.0360886997965 0.301464287262  3.66436597639 0.0757624528882 0.0783610517505  3.64300991069 0.0504062343061 -0.375371902034  3.64854512023 0.0956570862424 -0.847334812994  3.66847121603 -0.134434477224 0.0716516860879  3.67022696625 -0.0932434307357 -0.382131554008  3.70517293075 -0.121148484257 -0.83072283838 
0.723580634 3.70536355873 -0.0383710253652 0.303017456337  3.67327126832 0.0726642952916 0.0802967032436  3.66841957319 0.0529646047712 -0.374302842537  3.62874252854 0.106085030166 -0.864526268576  3.68273392796 -0.137145896392 0.0734641489569  3.67483025796 -0.0969478510827 -0.380328928094  3.69800646157 -0.124124867087 -0.824243258833 
0.753870332 3.71815824452 -0.0386595602159 0.304923048988  3.68573880601 0.072219814415 0.0821364859391  3.71052086537 0.0629463840212 -0.371448352408  3.62187671988 0.116611890933 -0.877415525583  3.69747392595 -0.137528059656 0.075192167934  3.70014447043 -0.0960912517507 -0.378522563559  3.69959946189 -0.120964361663 -0.825783669958 
0.785510074 3.72908280625 -0.0389739274363 0.304929783762  3.69040067716 0.0714134197959 0.08294210236  3.71899082329 0.0666843683192 -0.371189747045  3.60636520488 0.122695162203 -0.882327700052  3.70326226195 -0.138352180851 0.0759811176195  3.69943695639 -0.0968455649575 -0.377783089524  3.69422153194 -0.120584925851 -0.825474873348 
0.823172989 3.74105596726 -0.0414421871369 0.306947989294  3.69697272146 0.0674293664827 0.0851678930389  3.72982894456 0.0726164836303 -0.368931058829  3.60591720641 0.121783730199 -0.883353089031  3.71866682231 -0.141650387816 0.0779505281986  3.71916597762 -0.0996165419883 -0.375838978643  3.70811485307 -0.123152417848 -0.825160715397 
0.855802951 3.74875222323 -0.0374419414292 0.301940331629  3.70488431484 0.0685842188468 0.0787781850229  3.74814479751 0.0850735287525 -0.374175022591  3.61304800809 0.127656879561 -0.893188869619  3.72958476984 -0.140066775325 0.0737560606044  3.72907119984 -0.0888836564832 -0.379047938367  3.70575740975 -0.119408224847 -0.827254700878 
0.887052906 3.75854520964 -0.0344932131358 0.309694507083  3.70955279462 0.0709939192227 0.0873812409947  3.75833669411 0.0937632939727 -0.364921214813  3.6072243271 0.127575422012 -0.879799932211  3.73299983305 -0.137880193567 0.0825170801647  3.7303348904 -0.0850790558941 -0.370157928361  3.69581580642 -0.120740376538 -0.815775538384 
0.923117068 3.76131607952 -0.0231884391638 0.286640480792  3.73184588478 0.0755909173085 0.0585668585703  3.77586859949 0.0977397606537 -0.381921370764  3.61496836471 0.129101474322 -0.906316989466  3.75085545778 -0.133953400684 0.0624416056416  3.7534800873 -0.0835104283966 -0.386765893017  3.70719315329 -0.12044341397 -0.841215277441 
0.955708966 3.76417895902 -0.0111402747705 0.255779645691  3.7495097918 0.0840865724017 0.0247323057717  3.76634009273 0.10737837464 -0.423040934153  3.61292069329 0.135145290043 -0.917696376475  3.76255893328 -0.12568690872 0.0331978187555  3.75252389422 -0.0768804117672 -0.417813802102  3.70463571549 -0.11684480581 -0.855245541485 
0.988212235 3.76502674798 -0.00538145589096 0.231202692503  3.75801309908 0.0884355111068 -0.001050486083  3.76221472611 0.111220331838 -0.452541498834  3.6061094439 0.132391053598 -0.912308045792  3.76785423914 -0.121386947253 0.00910566673622  3.75863049754 -0.0792013274468 -0.443582226633  3.70235472788 -0.119596675761 -0.853029346583 
1.23048575 3.76567707528 -0.00187159036395 0.217472206105  3.76287997651 0.0926320545576 -0.0148034336477  3.76365042687 0.120466346939 -0.467866882526  3.60466368317 0.133252620553 -0.900544856888  3.77009269752 -0.117344817143 -0.00509728338078  3.76553278148 -0.0779567723692 -0.458621497592  3.69978054073 -0.119331220434 -0.844159769256 
1.56639144 3.77190642607 0.000960106855141 0.24827502441  3.76123480774 0.0993938740761 0.017794915291  3.76729695696 0.12486521745 -0.451022321946  3.60031248071 0.133640788164 -0.868603556725  3.77948510965 -0.110062052541 0.02346214562  3.77460458318 -0.0673624397301 -0.44139527359  3.70202599939 -0.119113690518 -0.817444079262 
1.88489321 3.77893995555 0.00274197468408 0.272438572794  3.76086916418 0.103612599845 0.043545145516  3.78087421071 0.129450197742 -0.417768496085  3.5976987258 0.131376267454 -0.866888276128  3.78047589965 -0.105593123425 0.0462643117806  3.77466055443 -0.055347260844 -0.412215830436  3.69093858772 -0.121807411054 -0.822678474571 
1.123797862 3.77906788922 0.00706196412003 0.277843723691  3.75573489035 0.108946420402 0.0498370344924  3.77728316136 0.135045277325 -0.408060902328  3.59439128617 0.132846149715 -0.883543049136  3.77345636855 -0.100549623513 0.0513482609045  3.73506241968 -0.0470234545748 -0.401229143236  3.68297318473 -0.118967901739 -0.839157083007 
1.154983213 3.77807620425 0.0106923062988 0.285352272255  3.75001835228 0.113205844595 0.0580884287815  3.76849363403 0.138398913252 -0.398322192064  3.59903167524 0.133494589001 -0.880659704364  3.76965193547 -0.0961768347534 0.0585193259044  3.71367473682 -0.039941402704 -0.390758727761  3.68819340828 -0.116152422359 -0.833969113901 
1.186073858 3.77678225518 0.0161477401598 0.289784955231  3.75478177526 0.118004598664 0.0615932025442  3.78330174388 0.142109859369 -0.393419048215  3.60962981151 0.133439131714 -0.882964674934  3.77588557677 -0.091262459439 0.0630856177042  3.67691963644 -0.0323533686151 -0.3759354116  3.69423587639 -0.110820605425 -0.832003559925 
1.223890286 3.77456594054 0.0204216730588 0.292413167718  3.7422693278 0.119750226836 0.0643482991641  3.7544404374 0.138676678404 -0.390960385073  3.59041106107 0.132548298791 -0.883975163422  3.7709512536 -0.0886245762576 0.0665399662733  3.62451953529 -0.0251791874646 -0.356418831184  3.67607393982 -0.10224440108 -0.842847243212 
1.256065297 3.7669301284 0.0306973884955 0.283644427455  3.73618648467 0.134311850001 0.0572781615953  3.76287471601 0.145231396885 -0.397353970741  3.59733309343 0.146651626219 -0.893498077032  3.76753880416 -0.0735585716412 0.0554927681143  3.59304335074 0.00705470952086 -0.354223158925  3.6570566765 -0.076316698412 -0.864146978046 
1.291508355 3.76011125169 0.0367823587182 0.28182050841  3.72863225473 0.141273309069 0.0558761355104  3.76260279271 0.131256054089 -0.397892269303  3.59570593871 0.139455041262 -0.889112328867  3.76074482427 -0.0664948682643 0.0531425580845  3.56762514037 0.0103827411546 -0.350207959358  3.62295216783 -0.067600881302 -0.859919313711 
1.321525668 3.75223013182 0.0421664316369 0.282752635748  3.71971963826 0.148096945765 0.057578728673  3.76118704922 0.126249441833 -0.395275961612  3.59520913953 0.138567130502 -0.882651267472  3.75129607027 -0.0597929033072 0.0534385370055  3.5318768853 0.0138568797109 -0.336946628096  3.56992167926 -0.0560820827161 -0.840501882591 
1.353503376 3.74241640712 0.0448852752888 0.284383164959  3.70241910595 0.148626209609 0.0594129749607  3.76283699292 0.119553204607 -0.390713528708  3.58474750986 0.129917525424 -0.880342085978  3.74025627771 -0.0582518023486 0.0556219424251  3.50993771202 0.0108358373623 -0.330248732567  3.50363265911 -0.0518364956734 -0.824726431578 
1.389472483 3.7295960566 0.0503885775013 0.279535006485  3.69379503932 0.155438143874 0.0544682587137  3.75895192852 0.129609434233 -0.395532240023  3.59436344018 0.134122196365 -0.886067829307  3.72909754323 -0.0518039406574 0.0503436783595  3.49638542745 0.0166789463039 -0.334880640795  3.44115680295 -0.0392153720105 -0.819205389103 
1.421782709 3.71521152011 0.0535656334286 0.27862920605  3.67673716385 0.158971665811 0.0541519914147  3.74307839307 0.129576600048 -0.395646073318  3.58544134903 0.130175630389 -0.882393174952  3.71143322043 -0.0484007958558 0.0493491295967  3.48028289632 0.0108338706765 -0.338565792829  3.36598011456 -0.0383643450493 -0.799454624682 
1.456152854 3.69853109555 0.0553781408226 0.27917754613  3.65378940984 0.160672020973 0.0558226994858  3.71856425444 0.125500513603 -0.39385985046  3.58179024318 0.128517841099 -0.879370456463  3.69226719746 -0.0460331714018 0.0497160518041  3.46435636659 0.0134872545579 -0.340282317579  3.297145439 -0.0400060049061 -0.789870631604 
1.490424871 3.682297199 0.0579023235933 0.279025902879  3.64238851591 0.164152325774 0.0552137478333  3.7147854451 0.126462253568 -0.393101352693  3.59345405339 0.131454331086 -0.878652115517  3.67890634432 -0.0428919698686 0.0492374784446  3.46465467956 0.0122417913287 -0.348843903148  3.23080341376 -0.0430155869729 -0.788585353736 
1.522663229 3.66005524657 0.0590474636042 0.277701704793  3.62343196212 0.165126911294 0.0532426413171  3.68678788484 0.123919166719 -0.396099327245  3.58497433956 0.126473236096 -0.877508163471  3.66115731166 -0.0417377992246 0.0478818460086  3.44236319678 0.00657647202075 -0.348757792214  3.16283002894 -0.0473849391312 -0.791905416556 
1.556390758 3.63721761077 0.0590207683888 0.280583624618  3.59915218558 0.166604330655 0.0570649808679  3.64612411251 0.114649928607 -0.392836574118  3.58468651545 0.125219260124 -0.873948531066  3.63433553929 -0.0406814364122 0.0502903155022  3.41777510614 -0.005557582835 -0.348881084465  3.10097485523 -0.048715168169 -0.779376991107 
1.590016178 3.61260189332 0.0585247444375 0.2815037895  3.57366976849 0.166573490593 0.0583362536693  3.62126649078 0.104992481038 -0.390437373924  3.59148438433 0.120340325438 -0.874111458868  3.60866024907 -0.0407174270241 0.0510054366683  3.39501780291 -0.012806668884 -0.35041518056  3.06821267541 -0.0534369949016 -0.776690591468 
1.622213330 3.58372762797 0.0569990264989 0.280585652152  3.54746102648 0.166266402745 0.0575477299442  3.5931119784 0.0971839364581 -0.390449874267  3.58925367177 0.119386147017 -0.874977417471  3.57893881233 -0.0415875580171 0.049807929264  3.37100559537 -0.0171464101009 -0.354892570385  3.03869534102 -0.0625446854172 -0.785909843396 
1.656272329 3.55237411131 0.0537909912565 0.277096570543  3.51465804636 0.163850983791 0.0546946094695  3.56713251995 0.0871368363305 -0.391313182159  3.57292138515 0.118462052907 -0.878956483456  3.552090901 -0.0429310442387 0.0454866472667  3.33986643272 -0.018638944678 -0.357063842724  3.0273520733 -0.0696811788045 -0.794678905734 
1.691305833 3.51806798476 0.0492865889674 0.279612870873  3.47987120742 0.159250025934 0.0572537429861  3.52676586751 0.0772257917541 -0.388487685983  3.56358965526 0.118352964064 -0.863488004354  3.51707261661 -0.0474997420515 0.0480399832936  3.30078617454 -0.0317403169418 -0.352720071244  3.01760530272 -0.0747831204292 -0.784646521299 
1.723257699 3.48489713624 0.0436081147681 0.287526139689  3.44936466128 0.154977941221 0.0654092352921  3.47138819871 0.078549891014 -0.382604212306  3.56315191592 0.124161373101 -0.856372341125  3.48101138497 -0.0527321285401 0.0557822879952  3.26954769472 -0.039096331498 -0.347667466264  3.01518906243 -0.0752964502274 -0.77985787717 
1.754863987 3.4523779189 0.0365067913999 0.299418501571  3.40910887185 0.150794779437 0.0802678731502  3.3948625369 0.0980769841872 -0.370438922667  3.54466314073 0.129756062268 -0.852319050556  3.44250509114 -0.0565631224902 0.0666063124935  3.24498108257 -0.0455276313005 -0.343689959034  3.00960972949 -0.0753956375916 -0.776482063219 
1.790998550 3.41839652115 0.0362737259054 0.312134019458  3.36652469411 0.154304007172 0.0976029599906  3.29352125243 0.116263547365 -0.345685986943  3.52074954319 0.141979378359 -0.846443718576  3.39418407409 -0.0516917408401 0.0790647724572  3.21968054422 -0.0418534078283 -0.340353623424  3.00390145611 -0.0690175762838 -0.775939378677 
1.823679357 3.38565632948 0.0346107180707 0.322097243967  3.33869782304 0.155023921438 0.107368275217  3.21293565097 0.114091483169 -0.322838095721  3.50633890151 0.141512314928 -0.846134949822  3.35947097729 -0.0525218549207 0.088569431826  3.21131828234 -0.0538345100168 -0.340679886653  3.01479428686 -0.0740848046438 -0.778694911853 
1.854905496 3.35427404837 0.0324260362993 0.3316495443  3.30487559679 0.156255059409 0.119318869424  3.12938621533 0.110594365362 -0.292329915291  3.44571985443 0.142167869239 -0.820012656843  3.31900763204 -0.0520205615953 0.0982331851925  3.19079828126 -0.0559405843839 -0.337761110106  3.00727694844 -0.0731056376154 -0.778923399865 
1.891892480 3.3256046579 0.0301685552736 0.341131247509  3.27596523759 0.155085321257 0.129362096956  3.07862633188 0.102939851517 -0.332060807941  3.36879248927 0.134227080688 -0.793902633062  3.28500108296 -0.0536489022981 0.108235476854  3.17877754482 -0.0561521039109 -0.333751239292  3.01033727323 -0.0775225498972 -0.77733527634 
1.921047664 3.29705122452 0.0268868322727 0.346948094335  3.24984173334 0.15187491341 0.13456673698  3.01913215404 0.0987934690427 -0.346339794729  3.2882144687 0.127437539102 -0.772261162766  3.25388490847 -0.0572628204578 0.114543101526  3.15635544688 -0.0581677197191 -0.329995663767  3.01504381069 -0.0780659591228 -0.779380276539 
1.957670073 3.26430683391 0.0272475899865 0.345716342053  3.22520158438 0.152521429347 0.131880044651  2.96998857185 0.105656066238 -0.346963851275  3.19802894679 0.12797844471 -0.764924832961  3.22359144356 -0.0568083952939 0.112852523713  3.14188129709 -0.0552911516393 -0.334930241948  3.01728717864 -0.0727697396397 -0.78504092931 
1.990343966 3.23522726286 0.025434735216 0.349019549454  3.20261712686 0.150486205399 0.133964508712  2.91022447772 0.105060349581 -0.329585091711  3.10024386443 0.126721821792 -0.746065953268  3.19720571973 -0.0588711676902 0.115788259061  3.12900484068 -0.0570258600395 -0.33436983088  3.02041075852 -0.076608793718 -0.776706285022 
2.24603342 3.20707668354 0.0195398392563 0.358220946802  3.1685376021 0.140852718401 0.142050266218  2.85762155589 0.100055418506 -0.305864134329  2.98663066324 0.124386275684 -0.726604659478  3.16642405873 -0.068746540157 0.126953289121  3.107884545 -0.0652422462124 -0.324712770879  3.01662468096 -0.0830815172808 -0.768137301388 
2.56323542 3.17320973774 0.0167880745362 0.354803438146  3.13863818663 0.135836220635 0.136652106391  2.81793716807 0.107311399141 -0.315391423863  2.89344089711 0.134476875761 -0.735261726841  3.13207250629 -0.073930427934 0.124509064105  3.09239913439 -0.0526130611501 -0.328159888071  3.01181040654 -0.0777075649329 -0.780575271986 
2.90086970 3.14069752702 0.018577109165 0.355588683303  3.1072270506 0.136877456574 0.136817154022  2.81314256865 0.127691302489 -0.273690386964  2.7927805174 0.148823124668 -0.715284062173  3.09804565171 -0.0728652224162 0.125816333257  3.07635979825 -0.0441320638524 -0.327708626762  3.01058627917 -0.0701821635455 -0.77475898331 
2.121982264 3.10637327761 0.020721356025 0.349386752498  3.0771562178 0.138520122607 0.129742984693  2.807949935 0.135288954924 -0.267915892793  2.69353001733 0.156509588713 -0.710806524754  3.06773214483 -0.0712883150262 0.119137672632  3.05263269674 -0.037264974951 -0.334651471737  3.01499396235 -0.0700186952067 -0.78321603075 
2.155139813 3.07170136975 0.0236710119932 0.343389412814  3.04719011952 0.140834984459 0.122849860511  2.79412031018 0.142058664257 -0.270666910109  2.60633686832 0.16624559656 -0.710266348519  3.03839739591 -0.0690667278324 0.112615884023  3.01548983537 -0.0328303694104 -0.340862333839  3.01532624678 -0.0665588017132 -0.777294828358 
2.189905613 3.03496965051 0.0288649002024 0.340476217659  3.01310757025 0.145316594496 0.11923523961  2.76727067902 0.146938021199 -0.271717958946  2.53306852568 0.173944256264 -0.711303005659  3.00116543587 -0.0644981008601 0.109982964143  2.97519291044 -0.021184261936 -0.342809237822  3.00510309869 -0.062323693696 -0.77402886063 
2.222409161 2.99882728074 0.0370907806277 0.338958345046  2.97463683123 0.154098481384 0.118244734558  2.7300743666 0.155046069384 -0.269970965627  2.48561267791 0.181037130044 -0.714343785934  2.96286412873 -0.0556926842976 0.108549282199  2.9326205811 -0.00416397153549 -0.343136565576  2.99336942383 -0.0556402613018 -0.776133309717 
2.256933377 2.96055844549 0.0442177076244 0.336169636738  2.936780352 0.159660598189 0.114572754472  2.70092197536 0.160809557882 -0.277134188623  2.46117248261 0.178685218371 -0.719351569695  2.92533773323 -0.0502288786583 0.106306683225  2.88970161862 -0.00174079315657 -0.345386591032  2.98580131277 -0.0592372587056 -0.778596294614 
2.292203576 2.92421249181 0.0523404912936 0.342548371318  2.89855598185 0.167371166401 0.120943637676  2.66578083757 0.172903682342 -0.271712733858  2.45129116174 0.181264573554 -0.70948080586  2.88663875571 -0.0425175416205 0.113225236629  2.83346064997 0.00789631791635 -0.336251557787  2.971470516 -0.0566509122671 -0.77225883963 
2.321965128 2.88420466316 0.0631362809212 0.348947169398  2.85315899412 0.179024518325 0.128494234726  2.63390360515 0.183897461735 -0.270290741767  2.44244935667 0.185666671204 -0.707309997015  2.84166950094 -0.0310337971948 0.120219923905  2.74769651946 0.0152475844606 -0.320830771566  2.94449321561 -0.0547626789933 -0.771858594052 
2.354665770 2.84685211662 0.0714965715742 0.355270640342  2.81535991552 0.186823070278 0.134567859898  2.61709327495 0.186881454552 -0.274784271328  2.44762051475 0.182396960584 -0.706359088276  2.80464483777 -0.0232148452117 0.126688199552  2.6699187427 0.0175847278136 -0.303445170931  2.91270100501 -0.0573719533349 -0.767463457742 
2.391952656 2.81112312175 0.0802899126243 0.366524097998  2.77474957736 0.194730040858 0.146124085118  2.59710179766 0.195193713273 -0.27251661977  2.44458319021 0.181694312709 -0.699171210908  2.76774739202 -0.0154384838564 0.138597926759  2.58907141081 0.0248335420203 -0.274357929382  2.86297475596 -0.0493329781221 -0.740555071962 
2.422819877 2.7778282287 0.0865932494929 0.38067500765  2.73812924732 0.200847475314 0.160760999417  2.58767992354 0.19949085884 -0.267979903033  2.44746308981 0.180556948409 -0.695740008107  2.73234776508 -0.00930841350037 0.153240207668  2.51607434798 0.0201719770426 -0.276980830194  2.79652511524 -0.0399107597418 -0.713079913328 
2.460418048 2.74403477718 0.0891795892908 0.384762625677  2.70638486733 0.203152076728 0.164366111748  2.58473094215 0.19626451439 -0.273054538197  2.45178606098 0.177022220026 -0.706590060608  2.70514146915 -0.00706193807913 0.156274685654  2.45902502821 0.0162931721366 -0.281775206822  2.72274974515 -0.0312477445247 -0.698825186769 
2.491271090 2.71312464834 0.0916874866159 0.394732343708  2.6748978368 0.204370680552 0.173756715077  2.5672636829 0.194351272739 -0.267914184729  2.451777053 0.176056537009 -0.700690280301  2.67602016418 -0.00582925505436 0.166472042989  2.40099119787 0.0141904904758 -0.255236419433  2.63185257389 -0.0190796042112 -0.674261742534 
2.524473897 2.68205800706 0.0916335089763 0.397159887022  2.64794032569 0.203536337757 0.175214440441  2.55986453776 0.184977893509 -0.270539676349  2.45666424385 0.173564520049 -0.707586843663  2.65510122663 -0.00655470230102 0.167859921952  2.35213676382 0.00976780469101 -0.243832141469  2.54456666943 -0.011866961726 -0.671345101114 
2.558486241 2.649966462 0.0918760211024 0.399490571307  2.61473281512 0.203318717 0.177437554362  2.53676152408 0.18134029644 -0.270456827815  2.44959246275 0.175418040215 -0.706756922667  2.62577164431 -0.00653294418986 0.169928541649  2.29369176844 0.00713578840531 -0.226596300568  2.4384058076 -0.00568141570242 -0.65785295091 
2.592767826 2.61818569789 0.0912750132518 0.398237788874  2.586330223 0.202778756715 0.175745169067  2.52732839568 0.182974645946 -0.275065893507  2.4539930984 0.173748683821 -0.708184062855  2.60237686198 -0.00675215920924 0.167821648213  2.25711466014 0.00785951431392 -0.214945882399  2.34447077342 -0.00604903169158 -0.651574285554 
2.623799036 2.58646401821 0.0894921437409 0.396457876098  2.55715834786 0.20033762478 0.173267050513  2.51024856566 0.177918049394 -0.279043461385  2.45203021912 0.171648090673 -0.707198093731  2.57564541798 -0.00899797397114 0.165931594425  2.24914672632 0.00661610402265 -0.193384833234  2.24620399603 -0.0102382807186 -0.637163463174 
2.660400283 2.55304556109 0.0889502347942 0.395893820384  2.52591029846 0.200496735463 0.172738616099  2.48253126657 0.180466012769 -0.280288446243  2.44685029408 0.173662994742 -0.703384354001  2.54494277681 -0.00880981045734 0.16490779668  2.24091159775 0.0122625133257 -0.193496512579  2.14676653296 -0.015302955093 -0.632173534932 
2.692590590 2.51745743656 0.0871499331732 0.396878722835  2.48602505479 0.199807959806 0.174836678255  2.44588920594 0.174473522828 -0.278327770878  2.43617329453 0.171559958697 -0.704833106286  2.50739004575 -0.00923889012291 0.165382803393  2.2235268197 0.00960037061038 -0.199541996207  2.05168967432 -0.0251648174677 -0.629606413234 
2.724211824 2.47990104375 0.0825830075012 0.393311996773  2.4487254978 0.195182227705 0.171177788164  2.42103863817 0.165313519437 -0.282542462312  2.43472407294 0.16603152625 -0.71113491981  2.47086001976 -0.0137832471369 0.1617392303  2.21325872282 0.000391056694156 -0.217048153558  1.98610144561 -0.0353971502905 -0.632181123487 
2.759805880 2.44087371507 0.0749705899758 0.389803106926  2.40724919669 0.187070121618 0.167761940149  2.38234725945 0.154314857419 -0.286046867309  2.42554147154 0.161209348966 -0.711659666354  2.43085344502 -0.0217556412131 0.158409802668  2.19162517025 -0.0108032843213 -0.230323724118  1.93883229 -0.0403866999879 -0.634602824857 
2.792088169 2.40158321438 0.0650792408197 0.38716738699  2.36888813921 0.176960346311 0.164868617923  2.34212439579 0.141647992142 -0.288712277424  2.42013302349 0.162560739011 -0.710521462894  2.392899615 -0.0318357996225 0.155790648867  2.16821109499 -0.0176445492201 -0.240637908133  1.91095861347 -0.0427815701349 -0.642255310362 
2.823104572 2.3615290464 0.054234252689 0.384826957946  2.32865062312 0.165336495507 0.162157828223  2.29096912966 0.137358299234 -0.291014091473  2.40552414537 0.162708543016 -0.708033127983  2.35360301892 -0.043382895261 0.153711508544  2.13714055061 -0.027395792499 -0.247051368223  1.89018211675 -0.0458960415929 -0.647400497718 
2.858926522 2.3237708126 0.0479540846984 0.396782052694  2.28700298291 0.161470146848 0.1759513772  2.21899285782 0.14205183673 -0.273653628115  2.38183935988 0.171695959069 -0.691160726531  2.31169804513 -0.0473277208175 0.164877739129  2.10227021904 -0.0278634975655 -0.239417695215  1.87675123225 -0.0406641230012 -0.635716122212 
2.891427556 2.28993150712 0.0441912116814 0.406628368399  2.25418613097 0.161681894591 0.187757955263  2.14061867932 0.141110951311 -0.250345845113  2.36089940232 0.177588445018 -0.68966699727  2.27982160735 -0.0466721028903 0.172902575456  2.09321578447 -0.0327363945939 -0.241898985199  1.8834670302 -0.0367865653737 -0.637926779204 
2.924257825 2.25493475389 0.0378771716931 0.420172045534  2.21700529218 0.15835474691 0.203329075722  2.05509613005 0.131750850182 -0.217286662562  2.30969736118 0.168376739609 -0.66966534435  2.2401978868 -0.0499935184254 0.185574596003  2.07098537275 -0.0430998452388 -0.23673410862  1.87598745507 -0.0409844573802 -0.631472344992 
2.958875979 2.21832149302 0.0351125108379 0.422956024016  2.18083831438 0.159188857835 0.208078781325  1.98344472615 0.131361640459 -0.227671775349  2.24674452075 0.165175092354 -0.661861646315  2.19890931722 -0.0493685365724 0.187460123641  2.05724462448 -0.0437328760581 -0.244341357952  1.87350608593 -0.0377173194305 -0.640699142518 
2.992931486 2.18336667734 0.0321858001052 0.42501312873  2.14790888395 0.15893898102 0.211350142516  1.9178290534 0.125517626551 -0.219926417141  2.16947801318 0.15642479328 -0.645021762889  2.16301894139 -0.0495704468169 0.188629078716  2.04332199375 -0.0428991259292 -0.249854276782  1.87797141892 -0.0379149615673 -0.640636780991 
3.23656019 2.14713229062 0.0276980228133 0.417335557969  2.11028777868 0.154846832331 0.204121032659  1.85724719871 0.116278016509 -0.214332292024  2.07357083009 0.14623193611 -0.643380297321  2.12377869477 -0.0537587775999 0.18110645674  2.01916618686 -0.0422100133035 -0.261460755436  1.87416745212 -0.0415102323455 -0.647422716725 
3.60722693 2.11344625447 0.02677076361 0.416136951236  2.07656438467 0.156951307458 0.204772401649  1.811704205 0.116273202919 -0.187899751688  1.98236511114 0.141750399921 -0.622924029687  2.08557189357 -0.0516533385651 0.17937777628  2.00063878276 -0.0313218252854 -0.267004022342  1.87298446606 -0.0355465144618 -0.642184370094 
3.92373890 2.08466330402 0.0229819444291 0.414670931474  2.05971428807 0.154590619343 0.202700396282  1.78432635652 0.106231758665 -0.175834023071  1.92683815186 0.121582120397 -0.604888303263  2.06610997852 -0.054004175281 0.176755548574  2.00121835524 -0.0325553131467 -0.272964321102  1.89010667678 -0.0407196121214 -0.642365463261 
3.122479972 2.05114786219 0.0254211580968 0.400511295061  2.03469603789 0.155313733012 0.186625430196  1.73557071929 0.104068356309 -0.183984677112  1.82181893549 0.12361891268 -0.616825417506  2.03782415968 -0.053644446417 0.162895987556  1.97653578587 -0.0268515273155 -0.287475552459  1.88048309273 -0.0377392092383 -0.652694163263 
3.160817142 2.01949231234 0.0238812449902 0.390187711387  2.00975838708 0.150351467949 0.173838534492  1.72664600845 0.101097879801 -0.194637567914  1.71480466552 0.113928890993 -0.623180737312  2.01156230437 -0.058982372472 0.153613857459  1.96020383891 -0.0268623828993 -0.297770811072  1.88115305729 -0.0433401360377 -0.646674390334 
3.191284517 1.98792270355 0.0249729526065 0.38346163106  1.98192815887 0.15047325293 0.16633256372  1.70872383684 0.10702106226 -0.20299992884  1.60985414008 0.111558685847 -0.61572454126  1.98465053704 -0.0589411123767 0.147074191907  1.94318215077 -0.0105229068491 -0.30367193263  1.87883066423 -0.0379332994755 -0.642728214811 
3.224390522 1.95690697634 0.0159379694852 0.379834791862  1.95183174248 0.141662336105 0.162736742264  1.68392710636 0.0970911005714 -0.206816961169  1.52755309518 0.0949470020077 -0.604415217955  1.95781559423 -0.0676932632541 0.143257228099  1.90855400795 -0.0225620240662 -0.307269217543  1.91833749851 -0.0195284035347 -0.691240444889 
3.260080331 1.92436680717 0.016404291113 0.378113658947  1.91742047939 0.142256570057 0.161097098156  1.64909724076 0.105327003213 -0.207188903545  1.47279418747 0.0966311575564 -0.601798561736  1.92477810948 -0.0670307106574 0.141424646816  1.86716968559 -0.00969776186418 -0.306659812601  1.93177473717 0.000295255175247 -0.709332657333 
3.293343201 1.89137693111 0.019255467313 0.378815379247  1.88234759479 0.145698778263 0.1621923045  1.61995500568 0.109305648304 -0.2095166621  1.43695581205 0.0934341875358 -0.604046660075  1.89182216529 -0.0634570630956 0.14184815349  1.83287034851 -0.00331355328842 -0.305903552579  1.93520534415 0.0104540764848 -0.714713224134 
3.324707208 1.85721614348 0.0227251713928 0.376557844814  1.84809488825 0.149108183086 0.159888200581  1.58916506061 0.112630020985 -0.213837288748  1.42054138326 0.0824761804648 -0.615025969898  1.85724743757 -0.0600696244828 0.139605024875  1.78716748009 -0.00828458832145 -0.307486941832  1.94221426337 0.0192124487877 -0.703753227906 
3.359389896 1.82316878698 0.021898651295 0.37757759268  1.81175859196 0.14810635589 0.160904386298  1.55656984204 0.112237666454 -0.215242045728  1.40766931757 0.072454145268 -0.623789594491  1.82449829883 -0.06089606924 0.140619488431  1.73551127935 -0.0179124102064 -0.303705135877  1.92915024379 0.0182990707227 -0.68633557738 
3.393126574 1.78926886078 0.0270265461066 0.376212849037  1.77746938486 0.152433027424 0.159098954998  1.52946467927 0.121808840695 -0.222069903319  1.40411419348 0.077327560554 -0.638077301159  1.79141856691 -0.0565368004899 0.139533657181  1.67646751115 -0.0284721439931 -0.299280755179  1.88645066157 0.0300156726065 -0.673871431278 
3.426028571 1.75381129172 0.0319456205756 0.367646939241  1.74214987868 0.156457372786 0.150009454607  1.50384815946 0.124450912738 -0.237050216939  1.39753575034 0.0771968753793 -0.658353644183  1.75791180787 -0.0524754382765 0.131296445053  1.62213155853 -0.0269183217449 -0.301842140064  1.83710789689 -0.0100154897037 -0.678287387727 
3.460772580 1.7223278673 0.0342496202259 0.362878683304  1.71196687063 0.157775499222 0.144615949753  1.4909557689 0.124808622949 -0.252094359036  1.39840667731 0.0714556371233 -0.676267038496  1.72742484899 -0.0512727113636 0.126945238678  1.57578185117 -0.0331592775957 -0.301526418054  1.80530739603 -0.012995186439 -0.67139786662 
3.495395553 1.69167040308 0.0276554104773 0.358049419695  1.6801825781 0.149615699244 0.138967705297  1.4743567504 0.11646327084 -0.265741011321  1.39727751459 0.0585394647627 -0.69253943425  1.70091863653 -0.0590965811569 0.122695046124  1.53227544052 -0.0473990614272 -0.29968195893  1.74442774321 -0.0177035571114 -0.679956358817 
3.525854547 1.6616466085 0.0205823059615 0.353462097117  1.64711044806 0.140324714726 0.133357109004  1.4575565404 0.113306547142 -0.279543897609  1.39974502357 0.0483544152325 -0.708256545365  1.67430891286 -0.0677098991147 0.118856154609  1.43677179935 -0.050951273041 -0.231068693086  1.65155389311 -0.0295503624133 -0.611381371676 
3.558456503 1.63072725903 0.0193740777644 0.341923819577  1.61503717118 0.137406750235 0.120993579355  1.44904410616 0.119554784002 -0.301917035286  1.40038946477 0.0498001878634 -0.731324418826  1.64261894196 -0.070603280289 0.107935006364  1.36847582082 -0.0425818949998 -0.178038931722  1.54955542276 -0.0433113972462 -0.57426802094 
3.592149949 1.60223149801 0.0207781746012 0.334211643974  1.58744326772 0.137425569775 0.112466581104  1.44302426318 0.121513860706 -0.31836073876  1.40658910242 0.0510481278112 -0.748965982126  1.61451064032 -0.0708063254311 0.100849843499  1.35432744489 -0.0486072002656 -0.233767151237  1.47146931672 -0.0714116329557 -0.648250400129 
3.625572059 1.57224048466 0.0221780220949 0.322940025621  1.55570238012 0.136983146666 0.100352760316  1.42993546204 0.118767718878 -0.336356875985  1.40216813876 0.0497854925535 -0.767984276434  1.58444163289 -0.0711379483319 0.09025542575  1.32497616976 -0.0580566832315 -0.264680587125  1.38298220878 -0.0992902844032 -0.689031386133 
3.656927544 1.54503270238 0.0200241421716 0.315718506909  1.52782504627 0.132656368852 0.0920739473102  1.4233464493 0.111475176059 -0.350043436255  1.40981373665 0.043973188484 -0.782506155103  1.55887119004 -0.0752285573942 0.0839114797585  1.29605087511 -0.0714760056362 -0.278557983318  1.29232609255 -0.119170736726 -0.705727159091 
3.691556105 1.5191942026 0.0170948480427 0.31311639845  1.50166464873 0.128861259331 0.089056373725  1.41685327612 0.10671782799 -0.357282548147  1.41276767297 0.0471156134275 -0.791117127868  1.53331601965 -0.07895626662 0.0816499464307  1.26715037373 -0.0793817743303 -0.283381577111  1.18893738704 -0.137095593117 -0.699574862819 
3.728296547 1.49416431685 0.00780957505723 0.309678441073  1.47556103439 0.118717273066 0.0852713438767  1.41019984155 0.0974486461404 -0.364425559596  1.41259201873 0.0384010208022 -0.79848700027  1.51087842126 -0.0885482222069 0.0785052839756  1.24217202094 -0.0941997524336 -0.287101333994  1.11351529664 -0.139856322429 -0.694509705407 
3.760328941 1.46748428818 -0.00317139986667 0.305514598645  1.44695253306 0.109497014173 0.0812719219841  1.39443384769 0.0920693310265 -0.370525568823  1.42367096185 0.0427851557358 -0.80400449702  1.4875765697 -0.100572142028 0.0741923660282  1.22383986739 -0.103278433053 -0.296242166314  1.03510440901 -0.125991849095 -0.680361040923 
3.791807349 1.43955717878 -0.0138473657147 0.298818168024  1.41481167941 0.0988778851876 0.0748687502492  1.37860486077 0.0859262293653 -0.378689145933  1.43133460402 0.0505531472954 -0.810972054467  1.46288126731 -0.110279164807 0.0672374091318  1.20239856071 -0.106992592622 -0.306081931306  0.984363036514 -0.113888031572 -0.679008742723 
3.829006443 1.41250396722 -0.027999787856 0.28768704181  1.38110111729 0.0886353907563 0.0671246571562  1.36197350271 0.0798933618784 -0.387556485966  1.44122997419 0.0497583990972 -0.816004561518  1.43680811954 -0.116446954671 0.0535414447231  1.17918341334 -0.106653940408 -0.321937253747  0.947681435049 -0.102265386465 -0.689957460524 
3.859865212 1.38639132439 -0.0403792573236 0.2829490701  1.34903242233 0.0796856727416 0.0665103035157  1.32001400465 0.0860116464733 -0.388352657524  1.35990137406 0.0708453043402 -0.824569875574  1.41537584068 -0.116228245249 0.0461707653916  1.15829715823 -0.107944452918 -0.329934857691  0.919213094365 -0.102493175056 -0.695066486813 
3.891413462 1.36039612595 -0.0545675203814 0.27987439752  1.3159750844 0.0693386427458 0.0657249482576  1.28280223464 0.0795964096891 -0.38878217782  1.30270360848 0.0720290389432 -0.826564294381  1.39258143122 -0.127488521849 0.0414782679435  1.13596123272 -0.116235321706 -0.334963218029  0.893264427037 -0.106671889756 -0.698672043354 
3.927676464 1.33474075946 -0.0638017645517 0.278538950986  1.28604311704 0.0602418302238 0.0673747469247  1.23788622593 0.0810687559949 -0.3854270934  1.24781688129 0.0772923795084 -0.823597845213  1.36551757338 -0.126148655439 0.038717411544  1.11080032244 -0.114446069339 -0.339055166624  0.867906428852 -0.103822053091 -0.703170912611 
3.961237071 1.31049787427 -0.0742653889097 0.277530952877  1.25604876456 0.0526791208662 0.0686032353961  1.1924039674 0.0729531714487 -0.382307663639  1.19736256956 0.0710672262227 -0.820575137911  1.34214991812 -0.13406902936 0.0363832536039  1.09823995538 -0.104843210203 -0.346963781376  0.864724459667 -0.0770556768396 -0.716003298384 
3.992087460 1.28620419135 -0.0820096798056 0.274754919066  1.22838411611 0.0460691407082 0.0686343123559  1.14747930915 0.069267512962 -0.37935968368  1.1499562183 0.0683251545065 -0.817651196688  1.31682482872 -0.133471878121 0.0325830841769  1.07982644747 -0.0973602456128 -0.354662474726  0.852450074044 -0.0627946287862 -0.727232257205 
4.25266519 1.26316660378 -0.0879145953601 0.271595946071  1.20103280922 0.0419063319587 0.0675956249811  1.10856771172 0.0639714410766 -0.378213453104  1.10980499509 0.0635004182471 -0.816511034556  1.29006603993 -0.137697363985 0.0284325171843  1.05850184324 -0.0995097532637 -0.362057232822  0.836097252896 -0.0628694264023 -0.737637348505 
4.61028615 1.24191880977 -0.0910986791449 0.270786789499  1.17913706875 0.0415622230583 0.0703773826548  1.07285948116 0.064037021888 -0.372321506754  1.07347713476 0.0638015467093 -0.810620520256  1.26627743565 -0.131105669749 0.0268387935294  1.03926293686 -0.100425908222 -0.366997866499  0.821106286068 -0.0709653905859 -0.745741541486 
4.95502545 1.22406165041 -0.0953854192375 0.271504292836  1.15564636558 0.0417648993759 0.075885357735  1.04345449381 0.0593680601177 -0.365572985658  1.04376245459 0.0592503282472 -0.803872425268  1.24918635287 -0.126698490707 0.0262574659276  1.02661975635 -0.106324460827 -0.370726610341  0.812676570814 -0.0867536829637 -0.752469415796 
4.128244185 1.20828993626 -0.0985263997166 0.272273576843  1.13713600115 0.0423585394218 0.0796208993601  1.01668991647 0.0626588477312 -0.359540782854  1.01684309188 0.0625999837004 -0.797840282931  1.23520307071 -0.125250566912 0.0261269630918  1.01782288504 -0.110633826941 -0.374031692775  0.808835091939 -0.0965890852579 -0.758813334791 
4.160647999 1.19397000219 -0.100332787766 0.273792641894  1.12002200374 0.0425649241599 0.0842567349285  0.991774819557 0.068969264941 -0.352364177664  0.991850602279 0.0689398386447 -0.790663738492  1.22237614736 -0.118707012038 0.027484767776  1.00736268174 -0.111278053291 -0.374190437311  0.800634796377 -0.104139728783 -0.760423534161 
4.193547341 1.18237431346 -0.101439611365 0.27660704606  1.10697660724 0.0452841564845 0.0906926196389  0.975743502641 0.0783489973145 -0.344585401736  0.97578058902 0.0783342803487 -0.782884931905  1.21430166691 -0.11110531135 0.0303059796861  1.00015285601 -0.112554981019 -0.371892955994  0.794248425445 -0.113951351973 -0.758626208457 
4.230801681 1.17223235892 -0.103396862974 0.278252591126  1.0954340134 0.047161219799 0.0949374893077  0.965187341357 0.0851317496773 -0.340236516526  0.965205079564 0.0851243873768 -0.778536077141  1.21006643118 -0.107872386233 0.0318406174353  0.99575998618 -0.114613560388 -0.370282923989  0.789699995964 -0.121096693387 -0.756941926612 
4.259959239 1.16384907515 -0.106078305511 0.28020208481  1.0859129104 0.0467420945551 0.098648370228  0.954681970665 0.0894705553883 -0.33578811368  0.954690004269 0.0894668780497 -0.774087674259  1.20603799024 -0.106094996245 0.0340107982482  0.99260451814 -0.1098697289 -0.368669264937  0.787381917824 -0.113499900144 -0.75586263343 
4.292554490 1.15611422512 -0.107228465148 0.282659388613  1.07757698762 0.0462886795361 0.102202539031  0.950139300756 0.094156390753 -0.332827037423  0.950142512576 0.0941545520807 -0.771126597985  1.20230458727 -0.101432641184 0.0374383632313  0.989990562459 -0.106229800147 -0.365857884486  0.785843403032 -0.110842763156 -0.753643328462 
4.331481056 1.14891038024 -0.108144217317 0.285157431431  1.06887778414 0.0463179291984 0.106388545106  0.94854744307 0.0965244116392 -0.330397832357  0.948548274516 0.0965234884855 -0.768697331875  1.19670936792 -0.0970577914365 0.0405871722358  0.986641745458 -0.103938537423 -0.363861534295  0.784654013148 -0.110554803658 -0.752754835324 
