0.770026216 3.48961214562 0.0128365714182 0.301846343318  3.4760635359 0.131693584946 0.0813702730863  3.45166808262 0.0652433305407 -0.36902714402  3.44112789446 0.0560584850007 -0.817591924643  3.46573955363 -0.077806590307 0.069178843726  3.32350416336 -0.0331864081156 -0.361994080473  3.38679431616 -0.12129074412 -0.817925648402 
0.802715963 3.5095162317 0.0119946569201 0.310082262638  3.48509580305 0.128647185628 0.0893728796795  3.46254678889 0.0613099522265 -0.36093645522  3.43418113643 0.0547408020131 -0.81365220186  3.48402866368 -0.0812902114819 0.0786408889732  3.36566602715 -0.0286350638238 -0.357836215323  3.44486550687 -0.107119548452 -0.830530842178 
0.833917308 3.52748450569 0.0135346132106 0.314961896343  3.50022545814 0.128400689688 0.0935966247644  3.4785714808 0.0569846555587 -0.356086446943  3.43466127788 0.0688792772876 -0.822154767101  3.50442931828 -0.0814311124982 0.083899526806  3.40789647013 -0.0202373791006 -0.356453435874  3.48962249199 -0.0874100639815 -0.836672425037 
0.870996413 3.54241663205 0.00643191203586 0.307166339786  3.51212805266 0.116996344981 0.0839974294325  3.49166791848 0.0465918279931 -0.365897163994  3.43114609575 0.0660998835772 -0.837297149208  3.52693885576 -0.0925435786443 0.0771433100908  3.44410154602 -0.0290748697082 -0.365900529311  3.5230978107 -0.0871731703899 -0.8427216813 
0.901983902 3.55848451647 0.0035678379369 0.30792906763  3.52648183234 0.111152029725 0.0835723431389  3.49342519581 0.0578355516416 -0.367420150186  3.43336241054 0.0729645004829 -0.828744056763  3.54026920772 -0.0983479501504 0.0794211084158  3.46471017287 -0.0218463813803 -0.362953583527  3.54153529164 -0.0734957421305 -0.834232613282 
0.935061900 3.57272132743 0.00491540652993 0.307793700394  3.54214906402 0.111571559014 0.0827281846377  3.50621324294 0.0666968390018 -0.369124329239  3.43219220783 0.081186870147 -0.83051150852  3.55754044681 -0.0980077911896 0.0794495026166  3.51432120398 -0.00817003642894 -0.363672088512  3.55386169438 -0.0648787611231 -0.829231437857 
0.970970175 3.58756214304 0.00484560201542 0.306444707893  3.56032727761 0.112952111321 0.081640181464  3.51900423427 0.0721753329462 -0.370259172366  3.43243900836 0.0857533230799 -0.832925816067  3.57773183914 -0.0965463599058 0.0771219900949  3.54553750307 -0.010223060498 -0.368312095754  3.56249228769 -0.0621461969199 -0.832467126297 
1.4396825 3.60019642139 0.00473998512416 0.306612569199  3.57043689624 0.114225959796 0.0827743301203  3.51388313065 0.0774695035885 -0.367651090811  3.42275591189 0.0844491111813 -0.831781981671  3.58699965607 -0.0953503496058 0.0768645402808  3.56297181608 -0.00753609918034 -0.369210505742  3.554924182 -0.0636245724974 -0.831345455431 
1.35909664 3.61473473853 0.00870190871989 0.3070512365  3.5876856606 0.118532801109 0.0830141807025  3.5324500033 0.083199529369 -0.367878514968  3.43705789039 0.087394911091 -0.83521959524  3.6036058424 -0.0911209032319 0.0770541612897  3.59077527981 -0.00798852695974 -0.370496954305  3.56242710996 -0.0621722400975 -0.830363915608 
1.70585787 3.62847130881 0.00461145882233 0.302421699959  3.60227745525 0.114399202974 0.0782755864544  3.53659483496 0.0659876305312 -0.369772237468  3.44300608379 0.0924190341972 -0.843476880273  3.62488659834 -0.0946482908836 0.0719533598545  3.60823451125 -0.0145027908314 -0.376215676883  3.56969811349 -0.070214182689 -0.836383107355 
1.103760447 3.63942054728 0.0044125468431 0.307592039379  3.61089246842 0.113137943115 0.0832572595217  3.54359753518 0.0667920538366 -0.364972672126  3.45132176323 0.104506253463 -0.829862775076  3.62886636295 -0.0962917851763 0.0780088414519  3.60219280686 -0.0206171852773 -0.370444689115  3.55569863535 -0.0660993812067 -0.823126525171 
1.131875963 3.64779940209 0.00632392024122 0.295499296199  3.62522957219 0.115413378774 0.0707143144024  3.56581869838 0.0616631300273 -0.377781805262  3.48170935508 0.11558604648 -0.846950044899  3.64419907223 -0.0939360388537 0.0655575064451  3.61718565289 -0.0118940238211 -0.38183848198  3.57219271296 -0.065891968936 -0.840073790347 
1.172561778 3.65471782135 0.0109962984449 0.28988757645  3.6374768465 0.120330003961 0.0647020929019  3.5837854497 0.0671785234765 -0.384667735516  3.50143737061 0.124037344226 -0.841715864435  3.65339898575 -0.0893361515448 0.0599064411577  3.60941365462 -0.0093582628795 -0.38627522101  3.56713145832 -0.0640064437037 -0.831475383084 
1.205606812 3.66289604804 0.0132191449525 0.293208591332  3.650314012 0.120273059537 0.066632191012  3.59301052846 0.0739337377211 -0.383057936638  3.52093252366 0.125048005435 -0.830940179208  3.66623713699 -0.0894416494316 0.0642864294009  3.62306870759 -0.0121818821553 -0.382652682056  3.5713065708 -0.0708845716783 -0.821025203107 
1.237471306 3.67068071376 0.0163150197233 0.295692174798  3.65358622648 0.123940246849 0.0696697613899  3.60267182471 0.096990390946 -0.381969532185  3.53031020503 0.12922018191 -0.827904874299  3.66961384052 -0.0857671375165 0.0664768314263  3.62565464696 -0.0109374955204 -0.380900158596  3.56012515532 -0.0697042080868 -0.825017349535 
1.270726004 3.67473245017 0.0246057488701 0.298157797122  3.65056911551 0.133288937244 0.0732669251822  3.6088944283 0.113495853561 -0.379803020618  3.53399231417 0.136127025269 -0.826380351691  3.67378080196 -0.0757254123105 0.0681477603339  3.63884531865 -0.0108828663799 -0.381428893571  3.56403943259 -0.0636325079178 -0.826939116843 
1.302843047 3.68102660897 0.0313686561299 0.296574064285  3.6560141523 0.140696519501 0.072078352325  3.62146618337 0.117775585714 -0.381586422509  3.54495543744 0.135428823351 -0.830208089715  3.68034155746 -0.0680468451206 0.0661555945112  3.64702526331 -0.018337918273 -0.385338591587  3.56853403646 -0.0651556847676 -0.835279099173 
1.334882914 3.68445063399 0.0387537833769 0.291098038524  3.66286614679 0.152273555778 0.0683318061599  3.62004083199 0.130519019199 -0.384745657997  3.54660406339 0.142539760804 -0.838259304267  3.6813043819 -0.0570228585822 0.0591618775954  3.64990757195 -0.0225788668532 -0.393821695436  3.56244685361 -0.058811365849 -0.835646142243 
1.369338476 3.69131248286 0.0420210967899 0.303203115858  3.65452756522 0.155558132082 0.0829077340061  3.60758994861 0.133359107132 -0.369829718707  3.53298160867 0.133333198314 -0.819186317217  3.67470651602 -0.0534319556934 0.0721472228757  3.63424773742 -0.0307228471808 -0.380844892308  3.55709097135 -0.0638635515074 -0.820340397472 
1.402930092 3.68957120279 0.0437265919503 0.286086819764  3.65981191394 0.158065094242 0.0649682462116  3.63172634491 0.13725964745 -0.387248447502  3.54623834178 0.132491022888 -0.848022486518  3.67659535873 -0.0512074271183 0.054415694331  3.64895979209 -0.0207685981178 -0.399074957335  3.56525445372 -0.0658834723879 -0.847367343963 
1.434571232 3.69160535941 0.0483317401082 0.284412129675  3.66795568845 0.161655517222 0.0619369968154  3.62651907667 0.132873962429 -0.389687179595  3.54661436359 0.135096599831 -0.833098720809  3.68363367097 -0.0478388824358 0.0529289436242  3.65171197361 -0.0179448441882 -0.400537522376  3.5687108069 -0.0656000276852 -0.832286546111 
1.469140147 3.69676482013 0.0453711686974 0.291495301641  3.6663402569 0.154725991635 0.0677929902982  3.63426006391 0.131513852924 -0.385480451438  3.53661394938 0.126338659044 -0.821691518548  3.68851238824 -0.0543292629223 0.0614548351277  3.6533927056 -0.0280013069783 -0.392102134263  3.56372650264 -0.073444131687 -0.820872953584 
1.503262493 3.69880556225 0.0507041229708 0.288835168413  3.67444300862 0.159773949254 0.0642705606327  3.63701657195 0.150533134899 -0.38926415297  3.54666413365 0.141798672157 -0.835823208296  3.69672598257 -0.0492042174933 0.0587632766371  3.66133159286 -0.0083114107973 -0.393533834567  3.56507529846 -0.0628507543875 -0.83236575639 
1.534402097 3.70063467996 0.0562959151205 0.29882210017  3.66011515484 0.164739594867 0.0766070085255  3.61357809478 0.163618696388 -0.376344297588  3.52645374876 0.144787809956 -0.815322279567  3.68783952646 -0.0436079442878 0.0693946874527  3.62767221896 -0.00857232239896 -0.380201984855  3.54604484013 -0.0633273753462 -0.816711877894 
1.569090162 3.70144178425 0.0609261938115 0.296750441932  3.66327577788 0.166537397004 0.0725549797039  3.63413786533 0.170194424985 -0.381721845032  3.54451472777 0.142932727983 -0.832462238487  3.69119010165 -0.0418233670086 0.0682521427967  3.63232454796 -0.0062715049865 -0.381916845694  3.55834436643 -0.0650276551798 -0.827737008522 
1.602664947 3.70246811616 0.0748712506821 0.301091929861  3.6669332023 0.185254527749 0.0786713908298  3.64327550164 0.191826080864 -0.376152115413  3.54883379215 0.159758747876 -0.823099705524  3.69114731844 -0.0234958258143 0.0706274176118  3.61384987571 0.0165935470865 -0.376170073731  3.55295905128 -0.0465439827918 -0.825926991182 
1.636054650 3.70338338955 0.083148536759 0.306698097154  3.66104086332 0.193438267702 0.0854945936258  3.62681905251 0.174765931304 -0.367664811313  3.54016268016 0.150742083945 -0.82378973715  3.6823423817 -0.0155919046043 0.077143441165  3.59486113402 0.0166389332696 -0.368544576735  3.54015515971 -0.0555407873305 -0.817632998838 
1.671417249 3.69737988944 0.0911298684667 0.292317290348  3.66017894745 0.209361314462 0.074339399648  3.62630288162 0.179503752895 -0.378610243987  3.5436657565 0.156628418834 -0.84444294826  3.67685544242 0.000237298873962 0.0595206738437  3.57395037087 0.0348262420192 -0.382649266772  3.54049313573 -0.044920020403 -0.850230290119 
1.703067329 3.68969787691 0.104709651345 0.271112331993  3.66249839191 0.224197901351 0.0522556203759  3.63310257159 0.188501168619 -0.400844735517  3.54853193272 0.157787402773 -0.852737155587  3.66597323192 0.0144959382914 0.0382730026343  3.53291005138 0.0317394404213 -0.395615333063  3.52651629026 -0.0426533137777 -0.858534926279 
1.735916455 3.68545754054 0.110431002652 0.249067181553  3.66921460271 0.225513523556 0.0269478259303  3.64433737365 0.18036519304 -0.425648090994  3.55028758031 0.144041773235 -0.857672769946  3.66566651081 0.015874078568 0.0177402889171  3.51474254371 0.0238419013067 -0.410918550022  3.52286912433 -0.0580992614702 -0.860131470499 
1.772373967 3.69009339324 0.105481900113 0.274205683812  3.66081897464 0.215993961467 0.0511556662177  3.64424685911 0.17373411971 -0.415500873864  3.54076258661 0.136749517179 -0.823369939548  3.67415858391 0.00706051732712 0.0442479634127  3.49592084757 0.0246508131125 -0.38800209905  3.51048985858 -0.0564245671041 -0.823396683817 
1.803265423 3.69029997715 0.103102719963 0.282972040475  3.65597796058 0.209872056478 0.0587511277254  3.65593418779 0.168011536907 -0.401398438767  3.53858429282 0.138220502219 -0.841265805571  3.674619336 0.00125039199963 0.0544267184343  3.48738133203 0.037483539695 -0.365574211237  3.4732679265 -0.0509561941538 -0.82017456223 
1.832346365 3.68904487235 0.102568390707 0.288467803142  3.65254121715 0.208659504181 0.0641128346853  3.6411029253 0.166880287361 -0.392634742931  3.53725762376 0.141821190095 -0.840088493569  3.672157205 -0.000280002538523 0.0603011171267  3.47545926233 0.0375868131636 -0.352011545374  3.4418694498 -0.0428977309956 -0.822787422971 
1.871569340 3.6857174861 0.108135814703 0.295758464778  3.65007588904 0.215052897225 0.0715747730622  3.6390406941 0.169490127808 -0.38331298853  3.53736918775 0.148392494826 -0.835771172201  3.662944322 0.00534064180712 0.0679987980622  3.45619392706 0.0390909805267 -0.338095520019  3.40293829302 -0.0295361834764 -0.810634203797 
1.904632881 3.68422428631 0.121155714309 0.299050889696  3.65248648559 0.233551822706 0.077012432054  3.63942108268 0.172976472589 -0.375064943052  3.53981298207 0.159518282001 -0.839164369654  3.65459416423 0.02355039612 0.0698424414047  3.45410719939 0.0539560012432 -0.338951774561  3.36422098659 -0.012956712961 -0.799846524959 
1.936237004 3.6786075578 0.125549858716 0.295471839283  3.65253210326 0.240761814328 0.0742486684586  3.62903001971 0.160772882175 -0.373572564795  3.53910740965 0.15128263793 -0.849036803586  3.65611437965 0.0310903835461 0.0642470683889  3.4580107933 0.0390289754817 -0.345859229085  3.3301831819 -0.0231598905096 -0.799947413115 
1.972367167 3.67232339078 0.127895180177 0.301265685608  3.6394166385 0.244309236245 0.0815427687584  3.60558330927 0.15283807315 -0.363293334384  3.52395073217 0.144916569683 -0.83885016344  3.64499353867 0.0345589439238 0.070063011948  3.42811510541 0.0373647345041 -0.330082782602  3.27770110947 -0.0292548899582 -0.777374710572 
2.2825323 3.66078307711 0.129163135529 0.294238994599  3.62960191075 0.244835597899 0.0737683754886  3.59510064903 0.14516634275 -0.369392722148  3.52971169888 0.139743693505 -0.849364161652  3.63214365991 0.0348555581006 0.0634890082448  3.41199205512 0.0331573464845 -0.335220144033  3.23707319074 -0.0345246162193 -0.779660144833 
2.39909667 3.65079819922 0.128528058569 0.289625719508  3.62002035327 0.243914389608 0.0688985528955  3.59576152566 0.143121148644 -0.374717370572  3.53418949948 0.139199581535 -0.845173382201  3.6202159136 0.0338475110526 0.059230217219  3.39586755041 0.029184112207 -0.337286399502  3.19503704965 -0.0389186610076 -0.786306902047 
2.70229466 3.64052888386 0.127862005223 0.281269983304  3.61396685476 0.244145797426 0.0604961245697  3.59742509478 0.137175125092 -0.382050415012  3.53633402715 0.14128656451 -0.844060108828  3.61574786056 0.0341015801813 0.0498321776008  3.39334798296 0.0284379062053 -0.347887525501  3.1665070246 -0.0396950452537 -0.785928257211 
2.103813679 3.63013878595 0.122094648332 0.286067232162  3.59987217171 0.236615136523 0.0648099123044  3.58955137056 0.126905015604 -0.377325624128  3.52810997347 0.135980534546 -0.831014058112  3.6095096248 0.0267279954078 0.054841187942  3.37827408758 0.0171113432673 -0.337644550209  3.12975076995 -0.0493585561215 -0.770272360479 
2.140307579 3.61857045368 0.117171693242 0.288525343503  3.58521863684 0.231242508845 0.0674927511641  3.58544908897 0.125035898057 -0.375565111012  3.52341222714 0.137953524492 -0.826979372887  3.59776673293 0.0216438057741 0.0573943164033  3.36456609877 0.0154946928784 -0.33408700474  3.09372393823 -0.0506457749422 -0.76509449377 
2.169504040 3.60503899238 0.114871495527 0.2951635768  3.56660318957 0.231670876746 0.076427893395  3.56805721041 0.139846327642 -0.369699385507  3.51891026475 0.142045121725 -0.825408982816  3.58041006275 0.0222585892027 0.0632563338932  3.35210541134 0.016832018934 -0.331135237778  3.06086995297 -0.0500864092325 -0.759457776411 
2.202658306 3.58994306644 0.106901087904 0.292999508716  3.55311151507 0.221121754922 0.0726067607019  3.56461996048 0.133642427077 -0.37429062044  3.52676230143 0.129287826348 -0.842004226501  3.56640130891 0.011500481105 0.062087363744  3.35276411223 0.00525194513577 -0.340134843469  3.04462609001 -0.0695856182222 -0.769828932564 
2.240078939 3.57385619649 0.096952145757 0.295061121761  3.52948558802 0.211010172167 0.0759742333492  3.54539294364 0.127099219856 -0.371592124522  3.51600622088 0.127805014012 -0.837235876445  3.55034226831 0.00206657278208 0.0639314931668  3.34425336405 0.00476040825118 -0.342257950635  3.02976891263 -0.0733415016531 -0.773488423889 
2.269502316 3.55525074589 0.0868081412581 0.289856264566  3.5116457692 0.196867024973 0.0686179146013  3.53266271048 0.120873770263 -0.38014615491  3.52146224948 0.125954539668 -0.846189143557  3.53430031368 -0.011948971907 0.0601414519947  3.33076705302 -0.00508246431544 -0.347445767308  3.02638585663 -0.0824571909597 -0.782431587732 
2.301462005 3.53449296108 0.0791812721027 0.289769548822  3.48717118698 0.191087271987 0.0702307211763  3.50783750573 0.123658415708 -0.37993036548  3.51316466821 0.133712001255 -0.831311488566  3.50873099796 -0.0178030659199 0.0597913109308  3.30345992873 -0.00577170970831 -0.346877704356  3.01563439482 -0.078526963118 -0.777673674704 
2.339348274 3.50818972228 0.07298177363 0.27917360662  3.46691823266 0.187259682945 0.0596981570198  3.47840559319 0.12029450755 -0.390856587937  3.51505038698 0.131404146853 -0.839994478891  3.48978907162 -0.0214458948206 0.0474903703765  3.29507390737 -0.0136808839598 -0.364323993133  3.01265778692 -0.0814655345376 -0.792971820509 
2.371101510 3.48569659787 0.0654818664841 0.282470350619  3.44403545864 0.180407868545 0.0633235157312  3.44787875283 0.118903350802 -0.388132415747  3.50979192121 0.126247015416 -0.823603956646  3.4657710423 -0.0284147387659 0.0506182356994  3.27093288487 -0.0351059699646 -0.361034658852  3.00277869964 -0.0868994773807 -0.781225995646 
2.403650036 3.46521425651 0.0554823710822 0.294389889967  3.41782850837 0.17270013068 0.0776614110672  3.42693031653 0.118733992848 -0.374683242119  3.50212327229 0.123348503972 -0.812277573497  3.44082628684 -0.0358032142585 0.0619488632154  3.25592220733 -0.0458950799726 -0.35422594893  3.00493424408 -0.086340433208 -0.77335344497 
2.440113834 3.44468111814 0.0454978519952 0.302034160946  3.39719624524 0.164868313561 0.0864611694711  3.41356630818 0.12501354581 -0.366956081214  3.50401995075 0.123734413343 -0.825518852437  3.42048014791 -0.0434199004748 0.068616479455  3.24754676051 -0.0555442386976 -0.352586574903  3.01061635613 -0.0860741235792 -0.777674632834 
2.470424205 3.42234378649 0.03564161455 0.311424501785  3.37008938588 0.155410312991 0.0972123371556  3.38898505969 0.121532483228 -0.356732297074  3.48822209922 0.124835322722 -0.824408748021  3.39212328608 -0.0529571788603 0.0786178958716  3.227837835 -0.0651002803309 -0.346116409735  3.00262614623 -0.088741061193 -0.773679852508 
2.502671852 3.39744345175 0.0248596398461 0.315856203356  3.34221883697 0.145821038253 0.103019537919  3.34733544296 0.115536503519 -0.351436245649  3.48028381694 0.129545498641 -0.833271511831  3.36690067729 -0.0620712203302 0.082423011713  3.22195430764 -0.0727525922865 -0.348987603943  3.0052660135 -0.0887204445016 -0.780548270408 
2.540184746 3.37409438435 0.0117180469314 0.317333980773  3.31961439815 0.132393922751 0.104122587258  3.31174659315 0.111532458915 -0.350710528986  3.47597157284 0.127671108411 -0.831944286519  3.34622690173 -0.0752464900559 0.0835596232967  3.20819091156 -0.0827991745196 -0.350416691571  3.01208340826 -0.0934688249165 -0.782044145059 
2.570532133 3.3518361275 -0.00344866175808 0.314125627474  3.29993158064 0.115866735584 0.0995231417351  3.2780161088 0.111470208856 -0.355018632626  3.46210682115 0.127509985706 -0.833628378657  3.32849916694 -0.091654765928 0.0803317526235  3.19144387491 -0.0957268788573 -0.354179752614  3.01665885798 -0.0990481995895 -0.784827975342 
2.603890477 3.33447193438 -0.0132955969164 0.321889912448  3.2823107971 0.105272966636 0.106916150796  3.22952930343 0.119703330009 -0.343782309505  3.44226604345 0.132915125229 -0.816622324332  3.30846920919 -0.102662697779 0.0888010034439  3.17685234452 -0.0948736762294 -0.347244091106  3.01516963241 -0.0923396555601 -0.769343472801 
2.641200550 3.3179866442 -0.019978124931 0.331919636088  3.26421661718 0.101457546778 0.118990085058  3.17517096549 0.121920354461 -0.325092961886  3.41935417331 0.140935518364 -0.809937914  3.28581398719 -0.106794937368 0.0986717073889  3.16618829753 -0.0924254121779 -0.340573763849  3.01243988787 -0.0868062412096 -0.766044695685 
2.672262490 3.30392712239 -0.023721472244 0.341380930407  3.24783189971 0.0994044165256 0.130046984231  3.11910953166 0.119042264625 -0.303577863383  3.4007992348 0.141310785901 -0.811431437153  3.26631305428 -0.108965937954 0.108384562833  3.1635103583 -0.0975704033989 -0.335023155868  3.01402558501 -0.0865588904143 -0.764768395357 
2.700278970 3.28613613454 -0.027609837536 0.345055251128  3.23165272207 0.0985640098062 0.135080262045  3.07705007756 0.110169467615 -0.347276652982  3.35939399161 0.141804255638 -0.802703990141  3.24641560751 -0.109885604852 0.111323066707  3.15745200748 -0.0972910295953 -0.335074189523  3.01385196982 -0.0861142270505 -0.772818199407 
2.741826566 3.26794618521 -0.0318613215115 0.338646077221  3.22325817173 0.0966296756876 0.12794973868  3.0451974947 0.100085083951 -0.369284073822  3.32336858485 0.142402985003 -0.806498291406  3.23664116971 -0.111761434213 0.102985578196  3.15496955894 -0.0999665834526 -0.345006950179  3.02357482782 -0.0849741156529 -0.783218503676 
2.770466316 3.25065885667 -0.0388256832598 0.338480796483  3.20975501976 0.0895681179089 0.126839818187  2.99580155812 0.086963564619 -0.366205034959  3.2638862859 0.131122981356 -0.784312587075  3.21965706542 -0.119158545549 0.10282098299  3.1367979548 -0.107337042046 -0.345105150033  3.01467132234 -0.0904004484061 -0.772592128198 
2.802918321 3.23740766697 -0.0437925440679 0.341954477969  3.20355875568 0.0856369275462 0.129710492193  2.97345981033 0.0826165510956 -0.357188168225  3.21200131836 0.130696643311 -0.773242267097  3.21036460957 -0.123183100556 0.105499285556  3.13466659603 -0.102513136301 -0.343304635612  3.0220394852 -0.0870154954991 -0.76953258495 
2.838827364 3.22525533176 -0.0426251501988 0.345447198389  3.19324284063 0.0899610855156 0.134827793879  2.93650940295 0.083641493189 -0.347431440702  3.14127916985 0.134681857167 -0.763958804195  3.19712876199 -0.118613179997 0.107962179022  3.12639898328 -0.0910977537668 -0.341315927265  3.01992275576 -0.0778777927029 -0.768623458522 
2.871215743 3.21124751932 -0.0400084375838 0.348078658534  3.17798111886 0.0954495701056 0.139494445398  2.89613421133 0.0781653011814 -0.338607928137  3.07301820036 0.134685756821 -0.759371883536  3.17782113214 -0.112834884829 0.110293274113  3.11632451106 -0.0877136812753 -0.340473116822  3.01324842823 -0.0774409504588 -0.771214925706 
2.902421348 3.19668280037 -0.0392549663027 0.342930518673  3.17091102318 0.0978368274609 0.134445185479  2.8795915304 0.0692090178825 -0.335674273623  3.01053263232 0.130969401811 -0.755556346397  3.17041997549 -0.110213314725 0.103766049102  3.12283082701 -0.0872817115755 -0.348673152928  3.02535412631 -0.0790149797836 -0.776820927204 
2.937661374 3.17973140499 -0.0446587913861 0.343144081916  3.15518252871 0.0913169561493 0.133684485807  2.8536153495 0.0553764029353 -0.312084242904  2.93708518222 0.122756661015 -0.74752531489  3.15189803019 -0.116955150643 0.104472950022  3.10559061613 -0.0932200454712 -0.348215661623  3.01384417493 -0.0875289151895 -0.769440086585 
2.969458122 3.16300900403 -0.048909608121 0.341928750274  3.14136759845 0.0860925706874 0.13149428997  2.86402827604 0.0635048057472 -0.280884055322  2.87010206935 0.120424574457 -0.73857871875  3.13779794783 -0.122312067365 0.103280313827  3.1042119346 -0.0894948613264 -0.349774982731  3.01658683931 -0.0867572300053 -0.771773043437 
3.4194797 3.14670995755 -0.0526582184058 0.345198890711  3.12265986353 0.0807942765672 0.134022053389  2.85900904259 0.0670370443906 -0.26274310671  2.79675542569 0.117020534593 -0.732176044547  3.11860975087 -0.12783365274 0.107411838777  3.08299318966 -0.0859102148409 -0.344815279546  3.01066596864 -0.0872063942099 -0.764661144247 
3.39529041 3.12940429851 -0.0526377894193 0.346586680108  3.10066109169 0.0807618318696 0.136021005045  2.8457968931 0.0731962594706 -0.254211884473  2.72973247541 0.12212542909 -0.727358781757  3.09395375406 -0.127859515401 0.109849581931  3.07151002201 -0.0800012604389 -0.342539663635  3.00426018622 -0.0838730894926 -0.766964038198 
3.70418681 3.1132905276 -0.0510076453614 0.347842324014  3.0837536197 0.0824742178851 0.137382776744  2.84303124498 0.0782057707962 -0.25549796135  2.67345663109 0.122260354213 -0.717808160005  3.0794613196 -0.126150546113 0.110793437045  3.05892871728 -0.0776504384275 -0.341797246816  3.01545695275 -0.080750436365 -0.766784758037 
3.102435291 3.0972173032 -0.0496404596812 0.354052252439  3.06360642373 0.0832747420248 0.143852104289  2.83806006386 0.0761842452728 -0.254719790624  2.60953091182 0.119075243912 -0.704118899313  3.05982193818 -0.125420782742 0.117749151884  3.03202981775 -0.077557664613 -0.334556974671  3.01084076794 -0.0804947465341 -0.759416210807 
3.138853691 3.07574314948 -0.0485843442547 0.346226922382  3.04436176297 0.082902799387 0.134808229666  2.84027654477 0.0771655385096 -0.273290828429  2.55858751785 0.115766699548 -0.716844420196  3.04525989787 -0.125930578968 0.109457335256  3.02256813018 -0.0817335874293 -0.343538263158  3.01416859573 -0.0816074128382 -0.774978295785 
3.169308425 3.05484129441 -0.0485857180286 0.346333627577  3.02007172773 0.081795196737 0.134742538249  2.82074112377 0.0806606831217 -0.275408035724  2.50610465811 0.112938969231 -0.705947926146  3.02318226753 -0.12705218106 0.110071872529  2.99874878444 -0.0778777636677 -0.342348936163  3.00677775907 -0.0817381544027 -0.766264584555 
3.205890046 3.03285397386 -0.0456864305064 0.344913420255  2.99648675384 0.0832699254732 0.132691431644  2.8127532862 0.0839853531826 -0.284224565221  2.47160099744 0.114991805749 -0.703502364837  3.00110706389 -0.125698677857 0.109157906374  2.98538743056 -0.0715284398829 -0.343013102172  3.00184195006 -0.0789207668323 -0.768347452167 
3.237595650 3.01107050753 -0.0408885750357 0.34452098318  2.97409196074 0.0873524771847 0.131951859363  2.79510236962 0.0913844964161 -0.287080762593  2.44718400593 0.114337724361 -0.703973405519  2.9810814126 -0.121601278271 0.108756399122  2.97330366658 -0.0654329566201 -0.343381649095  2.99992592102 -0.0760385946099 -0.769117647765 
3.270258927 2.98467787631 -0.035009376632 0.335947532762  2.95039952398 0.0927742041224 0.122688366068  2.77186868502 0.093278942324 -0.296627735356  2.42958898886 0.113049726381 -0.717884168526  2.96087139772 -0.116049945646 0.0996239965508  2.96236757133 -0.0580121021677 -0.352319658241  2.99476841579 -0.07551951718 -0.777997145422 
3.306609860 2.95910459616 -0.0281606393911 0.332461054433  2.92550788241 0.10070443343 0.119726604473  2.74234155936 0.0993989586817 -0.297599001409  2.41574573983 0.112217499324 -0.71526259668  2.937165298 -0.107910643685 0.095502196421  2.94144028431 -0.0512229601353 -0.356672181468  2.98728475973 -0.0714328442295 -0.777581163344 
3.340209927 2.9355574673 -0.0220757020045 0.335900777156  2.9045037231 0.105262911881 0.121857479965  2.72518187637 0.103932190328 -0.297155212792  2.41232290943 0.108197329891 -0.7135212511  2.91458595124 -0.103654394226 0.0994708462541  2.92322861938 -0.0488007972636 -0.352891719065  2.98642688956 -0.0725097516775 -0.767771101599 
3.373570926 2.90989927219 -0.0160717107115 0.344085563787  2.872109695 0.10951997978 0.130161874468  2.69143089876 0.113117788705 -0.288253935253  2.39527970976 0.108587297195 -0.709532296895  2.8841943683 -0.0993983718277 0.108797267093  2.8969361585 -0.0447531910519 -0.343511922781  2.9656242097 -0.0746233839983 -0.755044462686 
3.408067834 2.88403012756 -0.00901957299185 0.350047542355  2.84422712487 0.115923991132 0.136084462238  2.67122041353 0.125812958304 -0.285364456719  2.40094765467 0.113098441671 -0.711509673672  2.85392996611 -0.0932051693963 0.115564834315  2.87334462565 -0.0437049111618 -0.337048548771  2.96322550136 -0.0727174022086 -0.760406148211 
3.440367234 2.85780258811 -0.00232332114063 0.356638977805  2.81418000912 0.121884589381 0.142967156225  2.6513995964 0.133190006469 -0.282436069705  2.40037149743 0.112293340068 -0.708331326829  2.82717679481 -0.0870586459621 0.1223994205  2.84527824259 -0.0438907556799 -0.330922560667  2.9644864739 -0.0728241022887 -0.764267358898 
3.471064180 2.83347886411 0.00467432978209 0.365396666028  2.78941195053 0.128177436635 0.151388923839  2.63966156144 0.13631992246 -0.278720816628  2.40492863715 0.111985182674 -0.705694136537  2.80136821238 -0.0808955785308 0.131642725139  2.80675409836 -0.0422275632942 -0.322263239473  2.9558050864 -0.073806647605 -0.762802605329 
3.504701054 2.8064651741 0.0133290219105 0.369115240597  2.76047394505 0.13717845949 0.155707694685  2.61871694446 0.147961080877 -0.277125494332  2.40240834447 0.117331692887 -0.708246739584  2.77179934626 -0.0719111748142 0.135600658458  2.7629025377 -0.0390334609117 -0.31856987161  2.93772376526 -0.0704945191971 -0.765566210788 
3.540101577 2.78336509124 0.0182361264284 0.378050445077  2.73285970728 0.141227949122 0.165212419531  2.60421084764 0.151645155401 -0.271619551156  2.40154657245 0.11221627987 -0.701277681243  2.74341802154 -0.0679764722408 0.145780251844  2.71739747565 -0.0462701164035 -0.308136446403  2.92675090998 -0.0722988884212 -0.755087776928 
3.572301802 2.76149986786 0.0226395075692 0.385446552004  2.70831577693 0.144560378498 0.172620178753  2.59588345249 0.155460005184 -0.268503797912  2.40503558098 0.112909255332 -0.701983809781  2.72005817553 -0.0646424210834 0.15381587537  2.66933183506 -0.0449250094501 -0.297741097729  2.91169743757 -0.0732891933494 -0.757607008743 
3.603106653 2.7372805736 0.033791861539 0.381360917089  2.68968070452 0.157068671864 0.168072334606  2.59196858345 0.167605056112 -0.276538298913  2.40964122166 0.122302872714 -0.712249329629  2.70305591034 -0.0519228370823 0.148044331377  2.61519314121 -0.0380765335384 -0.296876763125  2.89401572647 -0.0610870907869 -0.764591318794 
3.639466666 2.71455592071 0.0422216295987 0.377943916821  2.67053832354 0.165849836292 0.164059450207  2.57190632225 0.165019640012 -0.280576158569  2.41051136285 0.119657474909 -0.708359562317  2.68400581416 -0.0431227018264 0.143954359237  2.56838848251 -0.0437648654042 -0.294722385879  2.85445863837 -0.0616277100262 -0.754021715485 
3.671037405 2.69350364981 0.0488718398976 0.377838800058  2.64835104306 0.172826210482 0.16433328964  2.55586408738 0.163599766022 -0.281600788364  2.40914517836 0.118413588665 -0.702404723314  2.66601823528 -0.035734744522 0.143159518693  2.52830084537 -0.0411514414873 -0.289566415875  2.80627142271 -0.0608161080055 -0.742266533601 
3.708148917 2.67582002854 0.0541435072724 0.375619321557  2.63561663639 0.178639350351 0.161525856558  2.55649589747 0.16542679471 -0.286809195225  2.42043375304 0.117048319461 -0.703645121225  2.65633216541 -0.029552073268 0.139893151074  2.49701032607 -0.0393200592314 -0.285544389318  2.75695209919 -0.0579453098564 -0.736016291405 
3.737835040 2.65947381621 0.0608643906804 0.376645321541  2.6229911213 0.187636252217 0.163224724955  2.54805008074 0.170719579849 -0.285859457171  2.42046843175 0.119058367501 -0.698708475844  2.64565293046 -0.0201349467387 0.139582979119  2.44917322153 -0.0448643099591 -0.276479699442  2.69264328161 -0.0516765183659 -0.724216067393 
3.771289626 2.64222870965 0.0605679558756 0.379240416624  2.6022362527 0.186341071 0.165796975265  2.53289631817 0.160313243668 -0.283736781879  2.41331686422 0.108715087143 -0.697128432485  2.62942003283 -0.0208995537135 0.142226929127  2.40897994097 -0.0475054259201 -0.257663450729  2.61943266186 -0.0608271779086 -0.713329079725 
3.806536777 2.62622821964 0.0623745873186 0.380576016169  2.58559269613 0.188479407082 0.167422692528  2.5308994787 0.163600544073 -0.284068378548  2.41487813227 0.111675564985 -0.697231404529  2.61469053517 -0.0184020892785 0.143236489457  2.37187205612 -0.0498712314755 -0.253140914522  2.5430974974 -0.0620318650416 -0.703473940932 
3.835441228 2.6107662975 0.0644375149904 0.380441643032  2.5735094343 0.19032521841 0.16658153513  2.52637141016 0.160072771703 -0.285518984474  2.41967792789 0.111599952427 -0.699773902628  2.60607162878 -0.01611520039 0.142825983396  2.35154395167 -0.0423885447616 -0.240062577524  2.47880039566 -0.0644515119236 -0.7011571154 
3.869979064 2.59605978148 0.0617470618004 0.385086655548  2.55644183936 0.185284445268 0.17025426628  2.50625062549 0.146953221477 -0.280958974043  2.41431006045 0.105305842439 -0.691782000586  2.59412024754 -0.0204410976377 0.147967689893  2.33113140529 -0.042635773977 -0.22634884898  2.40226487302 -0.0777393449342 -0.681260288859 
3.908164327 2.58059104081 0.0619362521119 0.387816509731  2.54154756167 0.185138119806 0.172673113714  2.50000257639 0.148906003092 -0.279613309003  2.41576437762 0.111045937197 -0.693810021065  2.57908192854 -0.0206156047045 0.150808656998  2.31539530656 -0.0342667445596 -0.221995245035  2.32305083353 -0.081400204141 -0.665362659022 
3.939676259 2.56274582979 0.0601244113552 0.387045274011  2.52343038024 0.181977332433 0.17116513888  2.48689711518 0.144907282467 -0.281556803344  2.41125730423 0.106384192737 -0.696650275506  2.56109658819 -0.0239289165417 0.150549094766  2.30402541952 -0.0347032601699 -0.226241800561  2.24558362745 -0.0944157932594 -0.656852181598 
3.972100536 2.54511055617 0.0640773723952 0.385631276289  2.51147918019 0.189146828939 0.170664282511  2.4819249121 0.153346473188 -0.282677085373  2.41523115187 0.115428625668 -0.695586203189  2.54452770807 -0.017384478959 0.14825412694  2.29488644377 -0.0254005593642 -0.23320122439  2.1772123148 -0.0930254117719 -0.648587648229 
4.8205696 2.52674582801 0.062194400885 0.388630672359  2.49327192129 0.188120150732 0.174128018213  2.46686954181 0.143878980142 -0.278632474408  2.40885765986 0.107175832787 -0.692093442961  2.5236016979 -0.0187108841021 0.151072914133  2.28269508033 -0.0389717940261 -0.235117057904  2.10743092848 -0.109100100466 -0.635309498841 
4.40192413 2.50894357332 0.0602180095049 0.384314392536  2.48161907517 0.187847265522 0.170017236431  2.4673177706 0.143016875465 -0.283141814433  2.41487642956 0.107306996558 -0.699891560772  2.51165197402 -0.0189626942007 0.146234045062  2.28255002049 -0.0398067783846 -0.246926642943  2.05821439566 -0.114120743285 -0.634908133977 
4.70016893 2.48925193456 0.0588091999908 0.386073620141  2.46057391834 0.188452412828 0.173125300185  2.4464108008 0.142664320642 -0.280059858975  2.4062272854 0.108396594915 -0.69178898994  2.48948376245 -0.0182942880803 0.147260264796  2.26010692792 -0.0446055172863 -0.245555085285  1.99540975051 -0.118250070964 -0.627509038536 
4.108233375 2.46786500633 0.0528614285611 0.389560393035  2.4346017877 0.182422486494 0.177257078936  2.42748555357 0.134407598294 -0.275862615386  2.39964968355 0.099376696181 -0.691314112263  2.46231436473 -0.0244267273566 0.150895404879  2.23903079501 -0.0548104782788 -0.24515162652  1.95111086536 -0.12909125236 -0.620640711755 
4.137936120 2.44594753991 0.0480712632149 0.388594164949  2.41220678066 0.178797984067 0.177033467349  2.41676243247 0.128157391059 -0.275735226145  2.40240894871 0.101062993243 -0.69294540902  2.44052140307 -0.0278182086975 0.149434730534  2.22928590295 -0.057559125524 -0.253075968166  1.92834362339 -0.129376064993 -0.629109378126 
4.171655967 2.4237415343 0.04084799134 0.394731911311  2.38537211478 0.172449603637 0.184547726075  2.39679495872 0.120734527187 -0.268034102995  2.39556134812 0.0955155437736 -0.683340342363  2.41237179056 -0.0341536106351 0.155537189891  2.20788602734 -0.0623970680523 -0.250637229892  1.90642190281 -0.133805359993 -0.624731367915 
4.207202460 2.39805891864 0.0355808071587 0.389882365756  2.36209574643 0.167909021312 0.179689535207  2.39245095795 0.118609175537 -0.271964903689  2.39690577982 0.0963816299498 -0.696282363903  2.38782589042 -0.0388165044472 0.15041319558  2.19564355693 -0.063055056747 -0.26184903795  1.89823910398 -0.132908432653 -0.640053359343 
4.240340034 2.37308873665 0.0282022211753 0.391447002155  2.33643440074 0.161977332204 0.182270531566  2.3718506557 0.110791991714 -0.269015975481  2.3904409599 0.094540869814 -0.691637076484  2.36151805454 -0.0446199343637 0.151536186501  2.16989091874 -0.0748284171804 -0.260729070309  1.88308738606 -0.136412211453 -0.639342488258 
4.273413073 2.34712733367 0.0207352793477 0.390187484479  2.31087582827 0.155433506632 0.18151769576  2.35447984173 0.101340626332 -0.268764629936  2.38748270101 0.0937082936401 -0.69435654804  2.33515479159 -0.0511413210269 0.149997342909  2.13719150926 -0.0874151843258 -0.258775001222  1.90128743367 -0.136042088448 -0.645949976985 
4.307936312 2.3231908602 0.0120245915247 0.395079662247  2.28799306362 0.147833340182 0.186946353422  2.33443253178 0.0925747979946 -0.263011809716  2.3841441079 0.0920485676316 -0.687866118296  2.31270952253 -0.0585378764039 0.154427463808  2.11574137326 -0.0992792462709 -0.254490574897  1.90669563653 -0.136969787699 -0.646948898218 
4.338862898 2.29781494233 0.00247141823179 0.401504987391  2.26287617814 0.138771510862 0.193640964725  2.30611375377 0.080350183781 -0.256275316535  2.37690705356 0.0902749433311 -0.687951785072  2.28764927571 -0.067522084056 0.160665898144  2.09621896199 -0.109119184619 -0.250810052748  1.90570882088 -0.138562412173 -0.64833628473 
4.373353520 2.26945609278 -0.005316838154 0.40383736695  2.2302001919 0.131716749113 0.197244813998  2.272655294 0.0738762373338 -0.252861634675  2.36135577252 0.0926558905416 -0.688701422773  2.25826478491 -0.0738919124503 0.162648763648  2.07759738635 -0.113768689971 -0.253718553683  1.90152189727 -0.136988208802 -0.656006862612 
4.407475028 2.24406650319 -0.0148920828587 0.410281368903  2.20588848129 0.123060318258 0.204096664165  2.25409748269 0.0674318332296 -0.245688089335  2.36270002663 0.0907429392415 -0.686307384742  2.23036664819 -0.0828997816496 0.16905983109  2.06581569129 -0.125262484773 -0.253447315948  1.90136454511 -0.139983463897 -0.659964015355 
4.441130550 2.22112588041 -0.0202780275675 0.418795064008  2.18374473081 0.119521052349 0.213721577657  2.21656651047 0.0664479154634 -0.237514718444  2.35685577893 0.0951587655527 -0.684455983881  2.20321556999 -0.0867416477385 0.177427927037  2.05546732331 -0.128602099506 -0.25115325633  1.89947805078 -0.135424266725 -0.660773578738 
4.476268467 2.19402215399 -0.0273367513927 0.420814450675  2.15290199398 0.112118869965 0.216285701568  2.16634314704 0.0611715316419 -0.235917716947  2.33613288661 0.0884470195114 -0.68896915239  2.16979422151 -0.0943694560489 0.180210261104  2.03417414645 -0.139403370958 -0.252144617935  1.89643311594 -0.138887580522 -0.667766487475 
4.503221813 2.1729655443 -0.0323038735683 0.42426817182  2.1342924024 0.10842586948 0.220094714628  2.13596595756 0.06206242653 -0.232907305682  2.33187947886 0.0891789298521 -0.685456014208  2.14754253872 -0.0982572788728 0.183454773382  2.03058380484 -0.13916504186 -0.254514950816  1.90736899 -0.135092557442 -0.674596361629 
4.538058363 2.15259082094 -0.0376619806354 0.42775753499  2.11473603547 0.10518052024 0.224894438562  2.08345183353 0.0590553900679 -0.226078041742  2.31268076157 0.0892103763601 -0.681835460289  2.12565218022 -0.10131507565 0.186483876006  2.02248566602 -0.141338579297 -0.255134519459  1.90614864312 -0.135124315465 -0.67733976535 
4.574144036 2.12772803928 -0.0474055106823 0.421092221043  2.08292721988 0.0913373476748 0.217125069929  2.02674312937 0.0450154707666 -0.230298582341  2.27442101411 0.0782557833094 -0.687845634694  2.09673936902 -0.114589519622 0.181539936188  2.00654671401 -0.152846908108 -0.263148697362  1.89842915791 -0.144596847482 -0.687571060236 
4.608042259 2.10953932642 -0.0529918277983 0.41764349635  2.06793015444 0.0856666764375 0.212779604996  2.00613531169 0.0475265301712 -0.235844130423  2.25313735813 0.0814850218417 -0.674971899288  2.07998010206 -0.120964283635 0.177992268257  2.00941763128 -0.14565955015 -0.270772151511  1.90798549247 -0.137072032106 -0.696905018679 
4.640407869 2.09138503151 -0.0563254287235 0.414842598679  2.05292990921 0.0827168074958 0.209532299866  1.96281026133 0.0432232399258 -0.233917015105  2.20657344563 0.0801347684054 -0.662070422097  2.06231628538 -0.124345665657 0.175067482676  2.00116088995 -0.143077121983 -0.275667079678  1.90470786921 -0.133531272661 -0.70299308037 
4.677950726 2.0747194908 -0.0576729936016 0.409857277815  2.04101033616 0.0820929310101 0.204176554464  1.90398971189 0.0424809813244 -0.23269760654  2.15787060515 0.0779372323321 -0.65327477201  2.04699827594 -0.125216991149 0.169764117921  1.99543904772 -0.138900842951 -0.282510015204  1.90376361506 -0.130513453864 -0.710942112546 
4.706248390 2.06138693399 -0.0602941706571 0.39708752088  2.04197941952 0.0723419961541 0.185481192628  1.86592295952 0.0318351582087 -0.237876040321  2.1083625962 0.064563713687 -0.653665032051  2.04618858384 -0.136201651411 0.158858008225  1.99450361965 -0.149139646436 -0.293635805225  1.93110683646 -0.134647737582 -0.726054212495 
4.738348112 2.04652376682 -0.0665157828698 0.388689626257  2.03501920884 0.0626508313666 0.17426567254  1.81695074528 0.0297516271885 -0.219323339684  2.02966967795 0.0631162391154 -0.634718148758  2.03807836336 -0.146240316456 0.15127292449  1.98323880785 -0.145174187936 -0.300912008964  1.90875281818 -0.136731880362 -0.732050102064 
4.775618794 2.03184101535 -0.0659266796981 0.385953901381  2.02592898911 0.06063928522 0.169595066893  1.7808433809 0.03668009487 -0.196741526756  1.95620205792 0.0698626542819 -0.619439192372  2.0279252886 -0.148612225698 0.149283658195  1.97674974961 -0.135246843608 -0.30311962673  1.89753306473 -0.131141177556 -0.733781262024 
4.808817969 2.0174698909 -0.0594371771272 0.384086827704  2.017388313 0.0641039221223 0.165792119749  1.75141848629 0.0423208711858 -0.182347467257  1.91374155482 0.0713732862796 -0.599365122832  2.01422056216 -0.14545311161 0.148490373575  1.95905943136 -0.132855368061 -0.303622827131  1.91037431159 -0.118100938737 -0.737546690052 
4.838492009 2.00256437086 -0.0590297230282 0.383822722299  2.00520593861 0.0636838105404 0.165006565742  1.74431049876 0.0480903152916 -0.197643141221  1.84723977001 0.0672124508794 -0.624169505022  2.00193198941 -0.145892197886 0.148449387829  1.95111596143 -0.136686085715 -0.304316859232  1.917718421 -0.118686559343 -0.739983606676 
4.877165607 1.98599600312 -0.0583582903569 0.382216826126  1.9904388403 0.0643388008535 0.16335496288  1.73846521858 0.0527739371618 -0.210746620116  1.76066910366 0.0808407110737 -0.640407590351  1.98724667851 -0.145303079465 0.146815301757  1.9426137438 -0.133378118288 -0.30655324768  1.91855068207 -0.118128725476 -0.743323453484 
4.909209455 1.9713485216 -0.0533416281566 0.38163219365  1.97870810732 0.0691771214116 0.162725565662  1.73349238381 0.0603447692679 -0.218543492109  1.68305820417 0.0947692361127 -0.642716143161  1.97517341685 -0.140502540926 0.146316521031  1.94072187938 -0.129636670159 -0.307907397225  1.92087413797 -0.111574052329 -0.745053930768 
4.941037212 1.95581433086 -0.0468624524288 0.385102557107  1.96616244322 0.0751179398919 0.16599633318  1.72634026169 0.0649975826574 -0.220019540057  1.60868993109 0.104363681876 -0.629569629757  1.96049933624 -0.13456190574 0.149984085918  1.93528083126 -0.12438209725 -0.304853971477  1.91670960164 -0.112847177063 -0.742391989201 
4.976347570 1.93791954375 -0.0429193342611 0.385853782506  1.94837019354 0.0800479282483 0.167291381445  1.71288796598 0.0697905019944 -0.222088399335  1.54807643163 0.109210024477 -0.617661692267  1.94368999316 -0.129581513993 0.150362687701  1.9232440881 -0.124368057601 -0.304837264666  1.9188986905 -0.113629311661 -0.742643950367 
5.10130344 1.91788962192 -0.0397518281842 0.385046605104  1.92780865525 0.0832868663934 0.166488570009  1.69544177648 0.0728802587728 -0.225124284959  1.50600612901 0.11091493281 -0.613266884414  1.9250613164 -0.126383386009 0.149572442407  1.91041875704 -0.121697091833 -0.305890928493  1.9230919338 -0.116055924371 -0.743440413524 
5.42442176 1.89647745578 -0.0265621752374 0.38278325602  1.90655712626 0.101396407473 0.167133927  1.67301263124 0.0925292852728 -0.224014690243  1.48129195624 0.126913262745 -0.613996529962  1.90477168258 -0.107848212734 0.145499839323  1.90644174059 -0.10186143597 -0.309941023748  1.9042253003 -0.104897157307 -0.747620336899 
5.78529386 1.87283716491 -0.0210157799869 0.37959364559  1.87762471916 0.107810867238 0.164277023387  1.6471262871 0.0861927491468 -0.228062614566  1.46166818613 0.115739576161 -0.622668821161  1.88077188963 -0.101297458605 0.141954441029  1.8848282407 -0.112102535563 -0.313240871115  1.9160248835 -0.112274456189 -0.748831989128 
5.109293450 1.84845504879 -0.0135876240029 0.37721080058  1.84934306782 0.114461230273 0.161365902906  1.62401368887 0.0935858527261 -0.234119322882  1.45316996458 0.116722920495 -0.636006802641  1.85709570968 -0.0945817252601 0.139825835369  1.87314620385 -0.105870614363 -0.315179670978  1.9140611441 -0.115448573815 -0.750450756329 
5.141717029 1.8231412852 -0.00380725424363 0.375316728524  1.82486097259 0.122061390589 0.158194941808  1.60106051311 0.103173361493 -0.238351751998  1.45227818752 0.118218820234 -0.64905727544  1.83093100587 -0.0872351569397 0.138743564534  1.85311809611 -0.098268316714 -0.316170686278  1.91093735733 -0.112504333275 -0.749540954815 
5.174871435 1.79863320796 0.00156472604572 0.375079513859  1.79665587612 0.125978378356 0.157115974366  1.570053779 0.109071257853 -0.237965377118  1.44531357588 0.113962225743 -0.65658947642  1.80589510394 -0.0833549006961 0.139014438967  1.82699831029 -0.0887501021104 -0.316138485843  1.91383070317 -0.115810314774 -0.743237254506 
5.206299067 1.77558239206 0.0115052613209 0.375588601215  1.77377901312 0.134206527662 0.156646759081  1.55698340233 0.120614521916 -0.243891690192  1.44605609108 0.114308618241 -0.666726991354  1.78194939997 -0.0753109136413 0.140180847725  1.78965245655 -0.0801235684519 -0.315283734406  1.92340406739 -0.100927840949 -0.728365585569 
5.239285154 1.75303036027 0.0192283401801 0.375187347383  1.7501799855 0.1411522265 0.155809641786  1.54412839053 0.122954493923 -0.250079005644  1.44160929836 0.109913956216 -0.675306564864  1.75866556077 -0.0684292929298 0.140060709252  1.75089439835 -0.0795398332547 -0.315124259764  1.92254923535 -0.0938425169404 -0.71410410782 
5.276805172 1.73152374119 0.0253980171176 0.373930407338  1.7277191462 0.145289869827 0.153448350388  1.53821977642 0.125143574392 -0.260080540337  1.44357399393 0.105238807793 -0.687089042784  1.73773622297 -0.064377863765 0.139617380978  1.72278892653 -0.0790209927053 -0.315440837435  1.90434390304 -0.0890497523914 -0.71204642376 
5.307776596 1.71056471311 0.0323548092562 0.368989505321  1.70387206237 0.149051195806 0.146882809931  1.52617503858 0.129626425047 -0.271961508057  1.44224435718 0.104122324943 -0.70097587872  1.71893724501 -0.0604822571583 0.135954226764  1.69678071114 -0.0725624853335 -0.318967383748  1.87710484185 -0.0813228779587 -0.71725518601 
5.338639976 1.69309861225 0.0389483654 0.365669470601  1.68798470579 0.150700643064 0.141051630495  1.5259442847 0.128871602422 -0.283874043831  1.44442694019 0.101002734571 -0.713401423847  1.70100254335 -0.0590935367202 0.134816170083  1.6617243153 -0.0724618984656 -0.318690368992  1.85495954925 -0.0671816934336 -0.710990273123 
5.376718380 1.67520064284 0.0420199473011 0.363245677701  1.66859052656 0.150637339403 0.137124028394  1.5148158485 0.126767862814 -0.290941507836  1.44598111451 0.0985982984464 -0.722582337759  1.68306296418 -0.0591105856482 0.133717297991  1.63071952499 -0.0643099661489 -0.318588173806  1.78853130863 -0.0742918770134 -0.656524880193 
5.407234715 1.65833270785 0.0426673081323 0.359789868078  1.64918353581 0.147956253103 0.13217576594  1.50516141566 0.122266164143 -0.299226079307  1.45104102339 0.095753010636 -0.732954609763  1.66684958696 -0.0616046065375 0.131683513552  1.59695879201 -0.0663712016092 -0.31814206591  1.76625284094 -0.0642706957242 -0.686625567403 
5.439193146 1.6430128648 0.0454408038003 0.357438239781  1.6310524186 0.148369592876 0.128862233906  1.50002062667 0.126125077755 -0.30677916101  1.45826595427 0.0990164267621 -0.741860825266  1.65302169788 -0.0607744533202 0.130276276747  1.56412115908 -0.0679420619746 -0.316022041726  1.72335380387 -0.0532252180777 -0.705877179845 
5.477904110 1.62773659836 0.0437421469184 0.349933718257  1.61517423757 0.140074002325 0.118604769647  1.49895029377 0.117343015108 -0.321115735448  1.46317413422 0.0903047519807 -0.756883182162  1.63964353707 -0.068657276814 0.125935124105  1.52690611749 -0.0790769719276 -0.314551873289  1.67929987204 -0.069860774947 -0.716183658651 
5.508167896 1.61360913709 0.0440828924496 0.344866265267  1.6003812602 0.135353458486 0.111538692393  1.49628532723 0.12042489924 -0.331521853589  1.46046619926 0.0931968318777 -0.767389886083  1.6270353885 -0.0728555195375 0.12329854322  1.50068161929 -0.0753912390929 -0.313833271102  1.60705486739 -0.0824795782206 -0.731396039765 
5.539127866 1.59929480458 0.0369191473958 0.337306015112  1.58350455616 0.125542742807 0.103074704092  1.48943240143 0.115090637923 -0.342443642381  1.46176927543 0.0883198072452 -0.778914671143  1.61583129585 -0.0817532810294 0.116826416407  1.46350538758 -0.083349917519 -0.311496403588  1.55944059628 -0.114173982244 -0.733479483031 
5.576716609 1.58511803678 0.0344544499358 0.332122717577  1.56711356226 0.120153369856 0.0969530144215  1.48633152187 0.119849415595 -0.351156033335  1.46108502126 0.093033801619 -0.787831294606  1.60303039511 -0.086369844163 0.112910585131  1.42850101541 -0.0847742785802 -0.306832700791  1.48924132285 -0.133146766651 -0.73410440828 
5.610236358 1.57110825543 0.0306372407296 0.324025478999  1.5518102091 0.113383240706 0.0878872747354  1.48291498636 0.11735539212 -0.362255935336  1.46640662565 0.0951842346795 -0.799533645696  1.59085400102 -0.092410103428 0.106195053686  1.40028742626 -0.0939943758059 -0.306823380848  1.41977299572 -0.151286136202 -0.736820461702 
5.638902858 1.55668809896 0.0227298543874 0.318717548569  1.53459501618 0.102727080059 0.0818688748357  1.47883793998 0.115179565377 -0.369878631542  1.46248889586 0.089121277784 -0.807005249958  1.57710658526 -0.102227399409 0.102029241146  1.37348120315 -0.106110822537 -0.304974435948  1.3453331375 -0.170033083219 -0.732920163855 
5.676893960 1.54333557181 0.0157468904161 0.314976264608  1.51952581776 0.0945201231566 0.0778670838745  1.47814736898 0.11523638657 -0.375060361183  1.4651597513 0.0952237198456 -0.81260932471  1.56499539457 -0.109742023668 0.0986978494755  1.35151663761 -0.113890818074 -0.303478047894  1.28449602191 -0.176591335861 -0.727875201618 
5.708099984 1.53160610207 0.00874702185373 0.314088276687  1.50678963501 0.087304034809 0.0769971965752  1.47806008195 0.115604351948 -0.376532650902  1.46790937379 0.0966658838762 -0.814244283541  1.55494695354 -0.116370119966 0.0977546490809  1.32977633373 -0.122738386334 -0.298015565694  1.23343345878 -0.182934678332 -0.718172316301 
5.745421651 1.51655241322 0.00323431463808 0.314587813183  1.49019578655 0.0814064900307 0.0775280039879  1.4737077761 0.119198497949 -0.375913219632  1.46123129091 0.0929395486162 -0.813149349343  1.54072981185 -0.121711702034 0.0982386948337  1.3043188567 -0.127269462815 -0.290976379166  1.18770828689 -0.185164735205 -0.70737985098 
5.776922129 1.50250238025 0.000879450645764 0.316551182663  1.47750390648 0.079404475027 0.0794608203832  1.47683948302 0.123332344291 -0.373669914485  1.45738912096 0.0973003667175 -0.810658307398  1.52831893736 -0.123657166934 0.10015533588  1.28888319745 -0.126385379499 -0.287451786335  1.16398149846 -0.185056286592 -0.702312869295 
5.810027645 1.48655953416 -0.00455992728779 0.317919405287  1.4617066899 0.0740843638999 0.0808458271401  1.47066677659 0.118375610802 -0.372348602748  1.46365817057 0.0963575949452 -0.809790776714  1.51324559689 -0.128823039562 0.101463618787  1.27065507456 -0.130452455427 -0.28429784975  1.1477924294 -0.188080775379 -0.700478337173 
5.845543408 1.47218580476 -0.0159637142927 0.320099847489  1.4467177255 0.0630283396041 0.0832047841754  1.47039178952 0.11160068456 -0.368955779473  1.4675176959 0.0918070262363 -0.806649555539  1.50065189233 -0.139312648809 0.103345455208  1.25836115734 -0.136448930028 -0.282647139309  1.14369490348 -0.191544642359 -0.701692189309 
5.878589698 1.45674837016 -0.0320102206589 0.321858357563  1.42966737556 0.0473766503876 0.085276029056  1.46678660583 0.104497895743 -0.364920854121  1.46845864466 0.0872984695119 -0.802773826574  1.48694748364 -0.154109772513 0.104633423638  1.24567209559 -0.14243080342 -0.281777891039  1.13050353581 -0.200778531756 -0.700424867905 
5.911733907 1.43985296455 -0.0567486135604 0.324943197456  1.40990307508 0.0225017170256 0.0886652770697  1.45951239128 0.0893855109303 -0.358947988045  1.46982988874 0.0856136829838 -0.79676577497  1.47149860574 -0.177754085852 0.107316906288  1.22624674939 -0.155399701067 -0.276004870467  1.12617667311 -0.210438581829 -0.698758897422 
5.944239340 1.42244108717 -0.0610900357027 0.317296105652  1.38709371217 0.0324466539178 0.0886084608287  1.44685911746 0.114212132238 -0.354696690347  1.47325397326 0.120714022099 -0.791562601512  1.45833344849 -0.161340422662 0.0915566244461  1.21322450449 -0.12342634497 -0.284914704225  1.13070494118 -0.175814007701 -0.711588992181 
5.977986216 1.40136370344 -0.0702058510393 0.310587137663  1.36141121073 0.0310946861829 0.0855356639304  1.42657536532 0.0918009706954 -0.360410940791  1.48070455272 0.114099433073 -0.79329309763  1.4384724489 -0.161730952769 0.0809082446408  1.18861783525 -0.14037685955 -0.296363252756  1.12744831239 -0.181580987437 -0.727427114984 
6.7929916 1.3831820961 -0.0836570439228 0.306197586528  1.34013572319 0.0219570099959 0.0832453825827  1.41241185336 0.0719643174124 -0.363298278902  1.49276314853 0.117285565929 -0.789547414384  1.4226310235 -0.169719231173 0.0743523793677  1.15148026834 -0.136270855827 -0.290532336313  1.12075059076 -0.156970034866 -0.727263088918 
6.45850058 1.36628174346 -0.0974059997392 0.302791368089  1.3210666644 0.0111157248176 0.0813909909574  1.39369556957 0.0633008956973 -0.365208366403  1.50366967177 0.114859611117 -0.784050567239  1.40770867757 -0.179284257909 0.0695117054209  1.12693986232 -0.131993876877 -0.286458637772  1.11159661695 -0.142328375375 -0.724367608516 
6.78021019 1.34886916148 -0.108810398721 0.295653370526  1.30190846201 0.00899791381444 0.0794725585219  1.37199815701 0.0685506328928 -0.366728977622  1.50093615006 0.118174878176 -0.78106300837  1.39075502868 -0.180063311883 0.0590376618601  1.10941172444 -0.123925490334 -0.295189560937  1.10174997754 -0.12908550688 -0.733391742269 
6.107876509 1.33451957612 -0.120007060927 0.290996501848  1.28452896508 0.00178463128697 0.0776144680635  1.35080786896 0.0605716808499 -0.369380022833  1.49593643527 0.109132829477 -0.778924501236  1.37864674427 -0.184228212316 0.0526842517465  1.09647471454 -0.130486527234 -0.301255187245  1.09264633191 -0.133064300085 -0.739530502775 
6.145835623 1.32324886025 -0.129663581209 0.291162619908  1.26969916449 -0.00417379530206 0.0807475028832  1.33100356727 0.0580989747428 -0.36651587538  1.49329146253 0.105421546568 -0.769896659489  1.37046827976 -0.186109284838 0.0514249891851  1.09561593539 -0.133709034051 -0.308426021493  1.0937018546 -0.134997310124 -0.746719471496 
6.176514271 1.31253551523 -0.138754425615 0.29129736385  1.2561453639 -0.0104668405409 0.083279611385  1.30754167858 0.0526494409306 -0.365057537247  1.48125951696 0.101503632804 -0.763780953672  1.36202627017 -0.188871110891 0.0505732898477  1.09406747446 -0.140554239323 -0.315002920102  1.09310993425 -0.141198224774 -0.753300951255 
6.206706748 1.3011925256 -0.145613140376 0.292046154295  1.24355175808 -0.0119941313676 0.0877725775658  1.28376068367 0.0534109006668 -0.361316910344  1.46246959538 0.109403015994 -0.757131714731  1.35160133901 -0.188173120619 0.0500710698398  1.09126679536 -0.141282475319 -0.321156047021  1.09078715923 -0.14160443753 -0.759455178563 
6.245125492 1.29074784191 -0.15017418338 0.292510456576  1.23119056478 -0.0123077029264 0.0909300021214  1.2666502675 0.0384011713738 -0.360682203939  1.43034941915 0.084763234314 -0.764612431707  1.34373793345 -0.187931923307 0.0497029651788  1.0957208898 -0.148946780858 -0.330757381741  1.09548026676 -0.149107761966 -0.769056880372 
6.275121504 1.28028716345 -0.154360882571 0.292381069952  1.21896413194 -0.0107155504184 0.0945898065531  1.24460883124 0.0570858667173 -0.356814447195  1.34032546053 0.121483240552 -0.770064188434  1.3344643655 -0.18694028867 0.0484150048577  1.09526641489 -0.154500493464 -0.338255854193  1.09514529838 -0.154580968763 -0.776555414298 
6.307196362 1.27094562791 -0.158712235244 0.292710907732  1.20862455118 -0.0128882950018 0.0975469825941  1.19832947832 0.0807038188248 -0.348453986674  1.2471488072 0.113549647868 -0.782786075181  1.32400512963 -0.185036671083 0.0483149913968  1.09648113578 -0.162033081776 -0.346002166028  1.09641983358 -0.162073334687 -0.78430175687 
